1.738939642906188965e+00
1.738939642906188965e+00
1.738905429840087891e+00
1.738905429840087891e+00
1.738905429840087891e+00
1.738905429840087891e+00
1.738905429840087891e+00
1.737635493278503418e+00
1.736668467521667480e+00
1.736288428306579590e+00
1.735321283340454102e+00
1.733654856681823730e+00
1.732998013496398926e+00
1.731338024139404297e+00
1.729917049407958984e+00
1.728643298149108887e+00
1.728643298149108887e+00
1.728643298149108887e+00
1.728643298149108887e+00
1.728643298149108887e+00
1.718374490737915039e+00
1.718374490737915039e+00
1.718374490737915039e+00
1.718374490737915039e+00
1.703432083129882812e+00
1.703432083129882812e+00
1.703432083129882812e+00
1.703432083129882812e+00
1.703432083129882812e+00
1.682725787162780762e+00
1.678922176361083984e+00
1.674133539199829102e+00
1.670957565307617188e+00
1.666799545288085938e+00
1.664059281349182129e+00
1.660794854164123535e+00
1.657714962959289551e+00
1.653774857521057129e+00
1.650550007820129395e+00
1.645314574241638184e+00
1.642919778823852539e+00
1.638362288475036621e+00
1.634494423866271973e+00
1.632222056388854980e+00
1.632222056388854980e+00
1.632222056388854980e+00
1.632222056388854980e+00
1.610923409461975098e+00
1.610923409461975098e+00
1.610923409461975098e+00
1.610923409461975098e+00
1.586815118789672852e+00
1.586815118789672852e+00
1.586815118789672852e+00
1.586815118789672852e+00
1.586815118789672852e+00
1.560683727264404297e+00
1.552129983901977539e+00
1.547012209892272949e+00
1.542514801025390625e+00
1.536775112152099609e+00
1.532205700874328613e+00
1.525748133659362793e+00
1.517488718032836914e+00
1.514542460441589355e+00
1.509390115737915039e+00
1.502634048461914062e+00
1.497707486152648926e+00
1.491860628128051758e+00
1.486624836921691895e+00
1.481328368186950684e+00
1.475992679595947266e+00
1.470781564712524414e+00
1.465599894523620605e+00
1.461013913154602051e+00
1.455393195152282715e+00
1.451262235641479492e+00
1.445170879364013672e+00
1.440606355667114258e+00
1.435153484344482422e+00
1.430329561233520508e+00
1.425587058067321777e+00
1.420873403549194336e+00
1.416646122932434082e+00
1.411985635757446289e+00
1.406943798065185547e+00
1.399760603904724121e+00
1.397986054420471191e+00
1.393656611442565918e+00
1.389372229576110840e+00
1.384680747985839844e+00
1.380973100662231445e+00
1.376823067665100098e+00
1.372675299644470215e+00
1.368035316467285156e+00
1.362712860107421875e+00
1.359904289245605469e+00
1.354857921600341797e+00
1.351091384887695312e+00
1.348879098892211914e+00
1.345263242721557617e+00
1.341644287109375000e+00
1.337989568710327148e+00
1.334382534027099609e+00
1.331111192703247070e+00
1.327127814292907715e+00
1.323896646499633789e+00
1.319936513900756836e+00
1.318104982376098633e+00
1.318104982376098633e+00
1.318104982376098633e+00
1.318104982376098633e+00
1.304535031318664551e+00
1.304535031318664551e+00
1.304535031318664551e+00
1.304535031318664551e+00
1.289553642272949219e+00
1.289553642272949219e+00
1.289553642272949219e+00
1.289553642272949219e+00
1.289553642272949219e+00
1.274506807327270508e+00
1.271438837051391602e+00
1.268406510353088379e+00
1.265478014945983887e+00
1.262603998184204102e+00
1.259867548942565918e+00
1.257460355758666992e+00
1.254816055297851562e+00
1.251960396766662598e+00
1.249354481697082520e+00
1.247256398200988770e+00
1.244091510772705078e+00
1.242019772529602051e+00
1.239687919616699219e+00
1.236038208007812500e+00
1.234175086021423340e+00
1.230739593505859375e+00
1.228075027465820312e+00
1.225748538970947266e+00
1.222291231155395508e+00
1.220895767211914062e+00
1.219069242477416992e+00
1.216623783111572266e+00
1.214434981346130371e+00
1.212324142456054688e+00
1.209982991218566895e+00
1.207790732383728027e+00
1.205875158309936523e+00
1.203277826309204102e+00
1.200501084327697754e+00
1.199439287185668945e+00
1.197081327438354492e+00
1.194741606712341309e+00
1.192596912384033203e+00
1.189998745918273926e+00
1.188241600990295410e+00
1.186909437179565430e+00
1.185021638870239258e+00
1.183353543281555176e+00
1.181234359741210938e+00
1.179638743400573730e+00
1.177860140800476074e+00
1.176414370536804199e+00
1.173508048057556152e+00
1.171881318092346191e+00
1.171357154846191406e+00
1.171357154846191406e+00
1.171357154846191406e+00
1.171357154846191406e+00
1.163059830665588379e+00
1.163059830665588379e+00
1.163059830665588379e+00
1.163059830665588379e+00
1.163059830665588379e+00
1.154685258865356445e+00
1.153068065643310547e+00
1.152132034301757812e+00
1.152132034301757812e+00
1.152132034301757812e+00
1.152132034301757812e+00
1.152132034301757812e+00
1.144908905029296875e+00
1.144908905029296875e+00
1.144908905029296875e+00
1.144908905029296875e+00
1.137637972831726074e+00
1.136155843734741211e+00
1.134080410003662109e+00
1.133418798446655273e+00
1.131857037544250488e+00
1.130656838417053223e+00
1.129251241683959961e+00
1.128274679183959961e+00
1.126416206359863281e+00
1.125252723693847656e+00
1.124637007713317871e+00
1.123783349990844727e+00
1.123783349990844727e+00
1.123783349990844727e+00
1.123783349990844727e+00
1.123783349990844727e+00
1.118511438369750977e+00
1.118511438369750977e+00
1.118511438369750977e+00
1.118511438369750977e+00
1.112569451332092285e+00
1.112569451332092285e+00
1.112569451332092285e+00
1.112569451332092285e+00
1.109564661979675293e+00
1.108989715576171875e+00
1.108325242996215820e+00
1.107736587524414062e+00
1.106587648391723633e+00
1.105910062789916992e+00
1.105001091957092285e+00
1.104085087776184082e+00
1.103033304214477539e+00
1.101894974708557129e+00
1.101005554199218750e+00
1.099936962127685547e+00
1.099473834037780762e+00
1.097931265830993652e+00
1.097398400306701660e+00
1.096287965774536133e+00
1.095376729965209961e+00
1.094311475753784180e+00
1.093323111534118652e+00
1.092345356941223145e+00
1.091263532638549805e+00
1.090375900268554688e+00
1.089503288269042969e+00
1.088368177413940430e+00
1.087486028671264648e+00
1.086554527282714844e+00
1.085560798645019531e+00
1.084644317626953125e+00
1.083465337753295898e+00
1.082544565200805664e+00
1.081723809242248535e+00
1.081206798553466797e+00
1.081206798553466797e+00
1.081206798553466797e+00
1.081206798553466797e+00
1.077929377555847168e+00
1.077929377555847168e+00
1.077929377555847168e+00
1.077929377555847168e+00
1.077929377555847168e+00
1.074157714843750000e+00
1.073246836662292480e+00
1.072365283966064453e+00
1.071597099304199219e+00
1.070873141288757324e+00
1.070102334022521973e+00
1.069392800331115723e+00
1.068648099899291992e+00
1.067826151847839355e+00
1.067084193229675293e+00
1.066163301467895508e+00
1.065314054489135742e+00
1.064755320549011230e+00
1.064755320549011230e+00
1.064755320549011230e+00
1.064755320549011230e+00
1.061538219451904297e+00
1.061538219451904297e+00
1.061538219451904297e+00
1.061538219451904297e+00
1.058022260665893555e+00
1.058022260665893555e+00
1.058022260665893555e+00
1.058022260665893555e+00
1.058022260665893555e+00
1.054267287254333496e+00
1.054267287254333496e+00
1.054267287254333496e+00
1.054267287254333496e+00
1.054267287254333496e+00
1.050883889198303223e+00
1.050883889198303223e+00
1.050883889198303223e+00
1.050883889198303223e+00
1.047862768173217773e+00
1.047862768173217773e+00
1.047862768173217773e+00
1.047862768173217773e+00
1.047862768173217773e+00
1.045043110847473145e+00
1.044476032257080078e+00
1.043704986572265625e+00
1.043040752410888672e+00
1.042497158050537109e+00
1.042497158050537109e+00
1.042497158050537109e+00
1.042497158050537109e+00
1.039717912673950195e+00
1.039717912673950195e+00
1.039717912673950195e+00
1.039717912673950195e+00
1.039717912673950195e+00
1.035910010337829590e+00
1.035910010337829590e+00
1.035910010337829590e+00
1.035910010337829590e+00
1.031675815582275391e+00
1.031143188476562500e+00
1.030513286590576172e+00
1.029767036437988281e+00
1.028911113739013672e+00
1.027931928634643555e+00
1.027220249176025391e+00
1.026336669921875000e+00
1.025319933891296387e+00
1.024189591407775879e+00
1.023138999938964844e+00
1.022149085998535156e+00
1.020948410034179688e+00
1.020549654960632324e+00
1.020069837570190430e+00
1.019479632377624512e+00
1.018893122673034668e+00
1.017579436302185059e+00
1.016684889793395996e+00
1.015645503997802734e+00
1.015252351760864258e+00
1.014179468154907227e+00
1.013191461563110352e+00
1.011966824531555176e+00
1.010908961296081543e+00
1.009685516357421875e+00
1.008527994155883789e+00
1.007517695426940918e+00
1.006569623947143555e+00
1.005633354187011719e+00
1.004816412925720215e+00
1.003924846649169922e+00
1.002796649932861328e+00
1.001463890075683594e+00
1.000241041183471680e+00
9.987949132919311523e-01
9.978548884391784668e-01
9.965378046035766602e-01
9.952226877212524414e-01
9.934499263763427734e-01
9.919108152389526367e-01
9.903988838195800781e-01
9.889198541641235352e-01
9.874227643013000488e-01
9.866605401039123535e-01
9.866605401039123535e-01
9.866605401039123535e-01
9.866605401039123535e-01
9.799694418907165527e-01
9.799694418907165527e-01
9.799694418907165527e-01
9.799694418907165527e-01
9.681294560432434082e-01
9.681294560432434082e-01
9.681294560432434082e-01
9.681294560432434082e-01
9.681294560432434082e-01
9.561094641685485840e-01
9.561094641685485840e-01
9.561094641685485840e-01
9.561094641685485840e-01
9.461919069290161133e-01
9.445049762725830078e-01
9.428763389587402344e-01
9.413973093032836914e-01
9.396926164627075195e-01
9.383762478828430176e-01
9.377115964889526367e-01
9.373919963836669922e-01
9.372165203094482422e-01
9.371578693389892578e-01
9.369943141937255859e-01
9.368266463279724121e-01
9.368266463279724121e-01
9.368266463279724121e-01
9.368266463279724121e-01
9.360477328300476074e-01
9.360477328300476074e-01
9.360477328300476074e-01
9.360477328300476074e-01
9.355106949806213379e-01
9.355106949806213379e-01
9.355106949806213379e-01
9.355106949806213379e-01
9.355106949806213379e-01
9.352353811264038086e-01
9.352353811264038086e-01
9.352353811264038086e-01
9.352353811264038086e-01
9.352353811264038086e-01
9.345357418060302734e-01
9.346739053726196289e-01
9.345212578773498535e-01
9.351184368133544922e-01
9.355521798133850098e-01
9.358458518981933594e-01
9.362979531288146973e-01
9.362758994102478027e-01
9.362758994102478027e-01
9.362758994102478027e-01
9.362758994102478027e-01
9.369752407073974609e-01
9.369752407073974609e-01
9.369752407073974609e-01
9.369752407073974609e-01
9.369752407073974609e-01
9.347756505012512207e-01
9.347756505012512207e-01
9.347756505012512207e-01
9.347756505012512207e-01
9.347756505012512207e-01
9.362802505493164062e-01
9.362802505493164062e-01
9.362802505493164062e-01
9.362802505493164062e-01
9.362802505493164062e-01
9.380748867988586426e-01
9.380748867988586426e-01
9.380748867988586426e-01
9.380748867988586426e-01
9.380748867988586426e-01
9.367055892944335938e-01
9.367055892944335938e-01
9.367055892944335938e-01
9.367055892944335938e-01
9.367055892944335938e-01
9.374315142631530762e-01
9.384751915931701660e-01
9.388682246208190918e-01
9.393982291221618652e-01
9.397754669189453125e-01
9.388104081153869629e-01
9.383636713027954102e-01
9.379604458808898926e-01
9.378122091293334961e-01
9.380013346672058105e-01
9.376873970031738281e-01
9.376873970031738281e-01
9.376873970031738281e-01
9.376873970031738281e-01
9.370375275611877441e-01
9.370375275611877441e-01
9.370375275611877441e-01
9.370375275611877441e-01
9.370375275611877441e-01
9.397940039634704590e-01
9.397940039634704590e-01
9.397940039634704590e-01
9.397940039634704590e-01
9.439322352409362793e-01
9.439322352409362793e-01
9.439322352409362793e-01
9.439322352409362793e-01
9.439322352409362793e-01
9.453578591346740723e-01
9.453578591346740723e-01
9.453578591346740723e-01
9.453578591346740723e-01
9.453578591346740723e-01
9.455213546752929688e-01
9.477598667144775391e-01
9.481305480003356934e-01
9.481305480003356934e-01
9.481305480003356934e-01
9.481305480003356934e-01
9.536972045898437500e-01
9.536972045898437500e-01
9.536972045898437500e-01
9.536972045898437500e-01
9.536972045898437500e-01
9.562802314758300781e-01
9.568188786506652832e-01
9.575936794281005859e-01
9.579560160636901855e-01
9.579560160636901855e-01
9.579560160636901855e-01
9.579560160636901855e-01
9.638099670410156250e-01
9.638099670410156250e-01
9.638099670410156250e-01
9.638099670410156250e-01
9.694790840148925781e-01
9.694790840148925781e-01
9.694790840148925781e-01
9.694790840148925781e-01
9.694790840148925781e-01
9.733387231826782227e-01
9.744290113449096680e-01
9.753215312957763672e-01
9.762210845947265625e-01
9.772319197654724121e-01
9.776072502136230469e-01
9.783372282981872559e-01
9.791575670242309570e-01
9.798569083213806152e-01
9.810258150100708008e-01
9.828257560729980469e-01
9.843752384185791016e-01
9.860296845436096191e-01
9.873195886611938477e-01
9.884083271026611328e-01
9.884369373321533203e-01
9.884369373321533203e-01
9.884369373321533203e-01
9.884369373321533203e-01
9.896708726882934570e-01
9.896708726882934570e-01
9.896708726882934570e-01
9.896708726882934570e-01
9.896708726882934570e-01
9.953610301017761230e-01
9.961978793144226074e-01
9.973965287208557129e-01
9.981822371482849121e-01
9.989945292472839355e-01
9.994783997535705566e-01
9.998022317886352539e-01
1.000551939010620117e+00
1.000967025756835938e+00
1.002448797225952148e+00
1.003747224807739258e+00
1.005318164825439453e+00
1.006514310836791992e+00
1.007869362831115723e+00
1.008654713630676270e+00
1.009532332420349121e+00
1.010425567626953125e+00
1.010936141014099121e+00
1.011261105537414551e+00
1.011779189109802246e+00
1.012056112289428711e+00
1.012835741043090820e+00
1.013814091682434082e+00
1.014482498168945312e+00
1.015954613685607910e+00
1.017592430114746094e+00
1.019027829170227051e+00
1.020645856857299805e+00
1.022963404655456543e+00
1.023596286773681641e+00
1.024826407432556152e+00
1.026242971420288086e+00
1.026777863502502441e+00
1.026777863502502441e+00
1.026777863502502441e+00
1.026777863502502441e+00
1.031777024269104004e+00
1.031777024269104004e+00
1.031777024269104004e+00
1.031777024269104004e+00
1.031777024269104004e+00
1.041094064712524414e+00
1.041094064712524414e+00
1.041094064712524414e+00
1.041094064712524414e+00
1.053524494171142578e+00
1.053524494171142578e+00
1.053524494171142578e+00
1.053524494171142578e+00
1.066591858863830566e+00
1.066591858863830566e+00
1.066591858863830566e+00
1.066591858863830566e+00
1.077629923820495605e+00
1.077629923820495605e+00
1.077629923820495605e+00
1.077629923820495605e+00
1.077629923820495605e+00
1.084403634071350098e+00
1.084403634071350098e+00
1.084403634071350098e+00
1.084403634071350098e+00
1.090355157852172852e+00
1.090355157852172852e+00
1.090355157852172852e+00
1.090355157852172852e+00
1.090355157852172852e+00
1.095119476318359375e+00
1.095119476318359375e+00
1.095119476318359375e+00
1.095119476318359375e+00
1.097539782524108887e+00
1.097881078720092773e+00
1.097881078720092773e+00
1.097881078720092773e+00
1.097881078720092773e+00
1.098078250885009766e+00
1.098078250885009766e+00
1.098078250885009766e+00
1.098078250885009766e+00
1.098078250885009766e+00
1.099901795387268066e+00
1.099901795387268066e+00
1.099901795387268066e+00
1.099901795387268066e+00
1.099901795387268066e+00
1.100233197212219238e+00
1.100233197212219238e+00
1.100233197212219238e+00
1.100233197212219238e+00
1.099936485290527344e+00
1.099891901016235352e+00
1.099891901016235352e+00
1.099891901016235352e+00
1.099891901016235352e+00
1.100272417068481445e+00
1.100272417068481445e+00
1.100272417068481445e+00
1.100272417068481445e+00
1.100581288337707520e+00
1.100581288337707520e+00
1.100581288337707520e+00
1.100581288337707520e+00
1.100581288337707520e+00
1.099237442016601562e+00
1.099237442016601562e+00
1.099237442016601562e+00
1.099237442016601562e+00
1.098256230354309082e+00
1.098256230354309082e+00
1.098256230354309082e+00
1.098256230354309082e+00
1.098256230354309082e+00
1.098183751106262207e+00
1.098183751106262207e+00
1.098183751106262207e+00
1.098183751106262207e+00
1.098183751106262207e+00
1.097619175910949707e+00
1.097746372222900391e+00
1.097721457481384277e+00
1.097381591796875000e+00
1.097381591796875000e+00
1.097381591796875000e+00
1.097381591796875000e+00
1.097381591796875000e+00
1.093360304832458496e+00
1.093360304832458496e+00
1.093360304832458496e+00
1.093360304832458496e+00
1.085894942283630371e+00
1.085492968559265137e+00
1.085405707359313965e+00
1.085371851921081543e+00
1.085452079772949219e+00
1.085462927818298340e+00
1.085284948348999023e+00
1.085308313369750977e+00
1.085311055183410645e+00
1.085202455520629883e+00
1.085137248039245605e+00
1.084721803665161133e+00
1.084464907646179199e+00
1.084295153617858887e+00
1.084295153617858887e+00
1.084295153617858887e+00
1.084295153617858887e+00
1.082919001579284668e+00
1.082919001579284668e+00
1.082919001579284668e+00
1.082919001579284668e+00
1.082919001579284668e+00
1.081585884094238281e+00
1.081144571304321289e+00
1.080719709396362305e+00
1.080371141433715820e+00
1.080474019050598145e+00
1.080685496330261230e+00
1.080822110176086426e+00
1.080950379371643066e+00
1.080828905105590820e+00
1.080752134323120117e+00
1.079886794090270996e+00
1.079744696617126465e+00
1.078943848609924316e+00
1.078239083290100098e+00
1.077807903289794922e+00
1.077369451522827148e+00
1.077227115631103516e+00
1.077154397964477539e+00
1.077154397964477539e+00
1.077154397964477539e+00
1.077154397964477539e+00
1.077063083648681641e+00
1.077063083648681641e+00
1.077063083648681641e+00
1.077063083648681641e+00
1.077063083648681641e+00
1.077215909957885742e+00
1.077215909957885742e+00
1.077215909957885742e+00
1.077215909957885742e+00
1.077215909957885742e+00
1.078848004341125488e+00
1.078848004341125488e+00
1.078848004341125488e+00
1.078848004341125488e+00
1.076619982719421387e+00
1.076335787773132324e+00
1.076298713684082031e+00
1.076218128204345703e+00
1.076514482498168945e+00
1.076719641685485840e+00
1.076719641685485840e+00
1.076719641685485840e+00
1.076719641685485840e+00
1.076599121093750000e+00
1.076599121093750000e+00
1.076599121093750000e+00
1.076599121093750000e+00
1.076599121093750000e+00
1.071565508842468262e+00
1.071565508842468262e+00
1.071565508842468262e+00
1.071565508842468262e+00
1.068588018417358398e+00
1.068588018417358398e+00
1.068588018417358398e+00
1.068588018417358398e+00
1.068588018417358398e+00
1.069690465927124023e+00
1.070917606353759766e+00
1.071580290794372559e+00
1.071580290794372559e+00
1.071580290794372559e+00
1.071580290794372559e+00
1.071853280067443848e+00
1.071853280067443848e+00
1.071853280067443848e+00
1.071853280067443848e+00
1.071853280067443848e+00
1.064314484596252441e+00
1.064314484596252441e+00
1.064314484596252441e+00
1.064314484596252441e+00
1.064314484596252441e+00
1.062674641609191895e+00
1.062674641609191895e+00
1.062674641609191895e+00
1.062674641609191895e+00
1.062674641609191895e+00
1.060855150222778320e+00
1.061053514480590820e+00
1.061678171157836914e+00
1.062171816825866699e+00
1.062286972999572754e+00
1.062286972999572754e+00
1.062286972999572754e+00
1.062286972999572754e+00
1.062390327453613281e+00
1.062390327453613281e+00
1.062390327453613281e+00
1.062390327453613281e+00
1.062390327453613281e+00
1.061616897583007812e+00
1.061616897583007812e+00
1.061616897583007812e+00
1.061616897583007812e+00
1.061616897583007812e+00
1.066535949707031250e+00
1.066535949707031250e+00
1.066535949707031250e+00
1.066535949707031250e+00
1.071283698081970215e+00
1.071283698081970215e+00
1.071283698081970215e+00
1.071283698081970215e+00
1.071283698081970215e+00
1.071283698081970215e+00
1.071653485298156738e+00
1.071653485298156738e+00
1.071653485298156738e+00
1.071653485298156738e+00
1.068291664123535156e+00
1.069326162338256836e+00
1.071151494979858398e+00
1.072426557540893555e+00
1.073465228080749512e+00
1.069078207015991211e+00
1.064765095710754395e+00
1.063089251518249512e+00
1.061028242111206055e+00
1.059520721435546875e+00
1.057578921318054199e+00
1.054628968238830566e+00
1.052385330200195312e+00
1.051213026046752930e+00
1.049414992332458496e+00
1.048398017883300781e+00
1.048398017883300781e+00
1.048398017883300781e+00
1.048398017883300781e+00
1.046153903007507324e+00
1.046153903007507324e+00
1.046153903007507324e+00
1.046153903007507324e+00
1.042103052139282227e+00
1.042103052139282227e+00
1.042103052139282227e+00
1.042103052139282227e+00
1.042103052139282227e+00
1.039590239524841309e+00
1.039590239524841309e+00
1.039590239524841309e+00
1.039590239524841309e+00
1.039590239524841309e+00
1.039485931396484375e+00
1.039485931396484375e+00
1.039485931396484375e+00
1.039485931396484375e+00
1.045140147209167480e+00
1.045833468437194824e+00
1.046768188476562500e+00
1.046768188476562500e+00
1.046768188476562500e+00
1.046768188476562500e+00
1.051074147224426270e+00
1.051074147224426270e+00
1.051074147224426270e+00
1.051074147224426270e+00
1.051074147224426270e+00
1.055615901947021484e+00
1.055615901947021484e+00
1.055615901947021484e+00
1.055615901947021484e+00
1.055615901947021484e+00
1.061043262481689453e+00
1.062604069709777832e+00
1.063630819320678711e+00
1.064504384994506836e+00
1.064702630043029785e+00
1.064702630043029785e+00
1.064702630043029785e+00
1.064702630043029785e+00
1.064933180809020996e+00
1.064933180809020996e+00
1.064933180809020996e+00
1.064933180809020996e+00
1.064933180809020996e+00
1.069536924362182617e+00
1.069536924362182617e+00
1.069536924362182617e+00
1.069536924362182617e+00
1.077610492706298828e+00
1.078442931175231934e+00
1.079571247100830078e+00
1.079571247100830078e+00
1.079571247100830078e+00
1.079571247100830078e+00
1.083243370056152344e+00
1.083243370056152344e+00
1.083243370056152344e+00
1.083243370056152344e+00
1.083243370056152344e+00
1.089589953422546387e+00
1.089589953422546387e+00
1.089589953422546387e+00
1.089589953422546387e+00
1.089589953422546387e+00
1.094246506690979004e+00
1.094246506690979004e+00
1.094246506690979004e+00
1.094246506690979004e+00
1.103543758392333984e+00
1.104600548744201660e+00
1.107898235321044922e+00
1.108810544013977051e+00
1.110185146331787109e+00
1.111439466476440430e+00
1.111439466476440430e+00
1.111439466476440430e+00
1.111439466476440430e+00
1.111439466476440430e+00
1.116062164306640625e+00
1.116062164306640625e+00
1.116062164306640625e+00
1.116062164306640625e+00
1.116062164306640625e+00
1.125710725784301758e+00
1.128129005432128906e+00
1.130551815032958984e+00
1.132337212562561035e+00
1.134172439575195312e+00
1.134371757507324219e+00
1.134823441505432129e+00
1.135316491127014160e+00
1.136273145675659180e+00
1.137666344642639160e+00
1.138672828674316406e+00
1.139498233795166016e+00
1.140668034553527832e+00
1.141109228134155273e+00
1.141093850135803223e+00
1.140638351440429688e+00
1.140185236930847168e+00
1.138987660408020020e+00
1.137836456298828125e+00
1.137836456298828125e+00
1.137836456298828125e+00
1.137836456298828125e+00
1.138712048530578613e+00
1.138712048530578613e+00
1.138712048530578613e+00
1.138712048530578613e+00
1.139327526092529297e+00
1.139327526092529297e+00
1.139327526092529297e+00
1.139327526092529297e+00
1.139327526092529297e+00
1.127950310707092285e+00
1.128875613212585449e+00
1.129990696907043457e+00
1.129990696907043457e+00
1.129990696907043457e+00
1.129990696907043457e+00
1.148416638374328613e+00
1.148416638374328613e+00
1.148416638374328613e+00
1.148416638374328613e+00
1.148416638374328613e+00
1.191213250160217285e+00
1.207249402999877930e+00
1.224247336387634277e+00
1.224247336387634277e+00
1.224247336387634277e+00
1.224247336387634277e+00
1.224247336387634277e+00
1.275025725364685059e+00
1.275025725364685059e+00
1.275025725364685059e+00
1.275025725364685059e+00
1.275025725364685059e+00
1.319265604019165039e+00
1.321481704711914062e+00
1.321481704711914062e+00
1.321481704711914062e+00
1.321481704711914062e+00
1.345985770225524902e+00
1.345985770225524902e+00
1.345985770225524902e+00
1.345985770225524902e+00
1.345985770225524902e+00
1.357696533203125000e+00
1.361917138099670410e+00
1.364674568176269531e+00
1.363983869552612305e+00
1.367257356643676758e+00
1.370418787002563477e+00
1.369763016700744629e+00
1.367978334426879883e+00
1.367978334426879883e+00
1.367978334426879883e+00
1.367978334426879883e+00
1.356996893882751465e+00
1.356996893882751465e+00
1.356996893882751465e+00
1.356996893882751465e+00
1.356996893882751465e+00
1.347052693367004395e+00
1.347052693367004395e+00
1.347052693367004395e+00
1.347052693367004395e+00
1.348043799400329590e+00
1.348043799400329590e+00
1.348043799400329590e+00
1.348043799400329590e+00
1.348043799400329590e+00
1.348043799400329590e+00
1.344268679618835449e+00
1.344268679618835449e+00
1.344268679618835449e+00
1.344268679618835449e+00
1.343957304954528809e+00
1.343957304954528809e+00
1.343957304954528809e+00
1.343957304954528809e+00
1.343957304954528809e+00
1.337228655815124512e+00
1.336310863494873047e+00
1.333729505538940430e+00
1.333729505538940430e+00
1.333729505538940430e+00
1.333729505538940430e+00
1.333729505538940430e+00
1.313076615333557129e+00
1.313076615333557129e+00
1.313076615333557129e+00
1.313076615333557129e+00
1.313076615333557129e+00
1.287462353706359863e+00
1.287462353706359863e+00
1.287462353706359863e+00
1.277892947196960449e+00
1.277283072471618652e+00
1.273598074913024902e+00
1.268684506416320801e+00
1.265547513961791992e+00
1.263482332229614258e+00
1.263482332229614258e+00
1.263482332229614258e+00
1.263482332229614258e+00
1.258449912071228027e+00
1.258449912071228027e+00
1.258449912071228027e+00
1.258449912071228027e+00
1.234321236610412598e+00
1.234321236610412598e+00
1.234321236610412598e+00
1.234321236610412598e+00
1.234321236610412598e+00
1.208383798599243164e+00
1.208383798599243164e+00
1.208383798599243164e+00
1.208383798599243164e+00
1.208383798599243164e+00
1.186931133270263672e+00
1.177639842033386230e+00
1.171090841293334961e+00
1.166020750999450684e+00
1.162946224212646484e+00
1.155515313148498535e+00
1.144853115081787109e+00
1.140774488449096680e+00
1.132401585578918457e+00
1.125039815902709961e+00
1.118296384811401367e+00
1.111818790435791016e+00
1.107869148254394531e+00
1.107869148254394531e+00
1.107869148254394531e+00
1.107869148254394531e+00
1.107869148254394531e+00
1.084685325622558594e+00
1.084685325622558594e+00
1.084685325622558594e+00
1.061715006828308105e+00
1.061715006828308105e+00
1.061715006828308105e+00
1.061715006828308105e+00
1.061715006828308105e+00
1.026699900627136230e+00
1.026699900627136230e+00
1.026699900627136230e+00
1.026699900627136230e+00
1.026699900627136230e+00
9.814798831939697266e-01
9.729881286621093750e-01
9.648425579071044922e-01
9.522704482078552246e-01
9.496527314186096191e-01
9.461874365806579590e-01
9.440921545028686523e-01
9.440921545028686523e-01
9.440921545028686523e-01
9.440921545028686523e-01
9.319064021110534668e-01
9.319064021110534668e-01
9.319064021110534668e-01
9.319064021110534668e-01
9.319064021110534668e-01
9.104704260826110840e-01
9.104704260826110840e-01
9.104704260826110840e-01
9.104704260826110840e-01
8.870107531547546387e-01
8.837395310401916504e-01
8.837395310401916504e-01
8.837395310401916504e-01
8.837395310401916504e-01
8.649825453758239746e-01
8.649825453758239746e-01
8.649825453758239746e-01
8.649825453758239746e-01
8.649825453758239746e-01
8.463585972785949707e-01
8.438721895217895508e-01
8.406754136085510254e-01
8.377970457077026367e-01
8.370062112808227539e-01
8.370062112808227539e-01
8.370062112808227539e-01
8.370062112808227539e-01
8.307679295539855957e-01
8.307679295539855957e-01
8.307679295539855957e-01
8.307679295539855957e-01
8.307679295539855957e-01
8.156993389129638672e-01
8.156993389129638672e-01
8.156993389129638672e-01
8.156993389129638672e-01
8.156993389129638672e-01
8.096579313278198242e-01
8.092042803764343262e-01
8.076220750808715820e-01
8.066188097000122070e-01
8.066188097000122070e-01
8.066188097000122070e-01
8.066188097000122070e-01
8.033162951469421387e-01
8.033162951469421387e-01
8.033162951469421387e-01
8.033162951469421387e-01
8.033162951469421387e-01
7.975919246673583984e-01
7.975919246673583984e-01
7.975919246673583984e-01
7.975919246673583984e-01
7.975919246673583984e-01
8.030530214309692383e-01
8.030530214309692383e-01
8.030530214309692383e-01
8.030530214309692383e-01
8.078279495239257812e-01
8.084920048713684082e-01
8.101333975791931152e-01
8.101333975791931152e-01
8.101333975791931152e-01
8.101333975791931152e-01
8.208956122398376465e-01
8.208956122398376465e-01
8.208956122398376465e-01
8.208956122398376465e-01
8.208956122398376465e-01
8.295966386795043945e-01
8.295966386795043945e-01
8.295966386795043945e-01
8.295966386795043945e-01
8.295966386795043945e-01
8.295966386795043945e-01
8.374901413917541504e-01
8.374901413917541504e-01
8.374901413917541504e-01
8.374901413917541504e-01
8.533381223678588867e-01
8.554906249046325684e-01
8.590548038482666016e-01
8.607077598571777344e-01
8.607077598571777344e-01
8.607077598571777344e-01
8.607077598571777344e-01
8.706259131431579590e-01
8.706259131431579590e-01
8.706259131431579590e-01
8.706259131431579590e-01
8.843866586685180664e-01
8.843866586685180664e-01
8.843866586685180664e-01
8.843866586685180664e-01
8.843866586685180664e-01
8.880034089088439941e-01
8.880034089088439941e-01
8.880034089088439941e-01
8.880034089088439941e-01
8.924320936203002930e-01
8.932445645332336426e-01
8.942641019821166992e-01
8.950428962707519531e-01
8.950428962707519531e-01
8.950428962707519531e-01
8.950428962707519531e-01
9.005205631256103516e-01
9.005205631256103516e-01
9.005205631256103516e-01
9.005205631256103516e-01
9.005205631256103516e-01
9.036217927932739258e-01
9.036217927932739258e-01
9.036217927932739258e-01
9.036217927932739258e-01
9.036217927932739258e-01
9.097788929939270020e-01
9.097788929939270020e-01
9.097788929939270020e-01
9.097788929939270020e-01
9.097788929939270020e-01
9.161212444305419922e-01
9.176717996597290039e-01
9.194832444190979004e-01
9.194832444190979004e-01
9.194832444190979004e-01
9.194832444190979004e-01
9.350782632827758789e-01
9.350782632827758789e-01
9.350782632827758789e-01
9.350782632827758789e-01
9.350782632827758789e-01
9.488559961318969727e-01
9.488559961318969727e-01
9.488559961318969727e-01
9.488559961318969727e-01
9.488559961318969727e-01
9.633301496505737305e-01
9.664884805679321289e-01
9.715385437011718750e-01
9.750328660011291504e-01
9.782336354255676270e-01
9.817029237747192383e-01
9.842493534088134766e-01
9.877284765243530273e-01
9.903348684310913086e-01
9.936842918395996094e-01
9.972860813140869141e-01
1.000105738639831543e+00
1.005494356155395508e+00
1.007254600524902344e+00
1.010330200195312500e+00
1.014630794525146484e+00
1.016490578651428223e+00
1.019969701766967773e+00
1.022889256477355957e+00
1.025415897369384766e+00
1.025415897369384766e+00
1.025415897369384766e+00
1.025415897369384766e+00
1.040291786193847656e+00
1.040291786193847656e+00
1.040291786193847656e+00
1.040291786193847656e+00
1.040291786193847656e+00
1.059493780136108398e+00
1.059493780136108398e+00
1.059493780136108398e+00
1.059493780136108398e+00
1.076245546340942383e+00
1.076245546340942383e+00
1.076245546340942383e+00
1.076245546340942383e+00
1.086784601211547852e+00
1.087786436080932617e+00
1.087786436080932617e+00
1.087786436080932617e+00
1.087786436080932617e+00
1.091827630996704102e+00
1.091827630996704102e+00
1.091827630996704102e+00
1.091827630996704102e+00
1.091827630996704102e+00
1.094155073165893555e+00
1.094155073165893555e+00
1.094155073165893555e+00
1.094155073165893555e+00
1.094155073165893555e+00
1.098123669624328613e+00
1.099197864532470703e+00
1.099886894226074219e+00
1.099886894226074219e+00
1.099886894226074219e+00
1.099886894226074219e+00
1.099886894226074219e+00
1.100823640823364258e+00
1.100823640823364258e+00
1.100823640823364258e+00
1.103931665420532227e+00
1.103931665420532227e+00
1.103931665420532227e+00
1.103931665420532227e+00
1.103931665420532227e+00
1.103884100914001465e+00
1.103771209716796875e+00
1.103771209716796875e+00
1.103771209716796875e+00
1.103771209716796875e+00
1.101581215858459473e+00
1.101581215858459473e+00
1.101581215858459473e+00
1.101581215858459473e+00
1.101581215858459473e+00
1.099649667739868164e+00
1.099649667739868164e+00
1.099649667739868164e+00
1.099649667739868164e+00
1.104799866676330566e+00
1.105322599411010742e+00
1.105322599411010742e+00
1.105322599411010742e+00
1.105322599411010742e+00
1.105322599411010742e+00
1.102431178092956543e+00
1.102431178092956543e+00
1.102431178092956543e+00
1.102431178092956543e+00
1.102000951766967773e+00
1.103580355644226074e+00
1.104773998260498047e+00
1.105983376502990723e+00
1.106213331222534180e+00
1.106213331222534180e+00
1.106213331222534180e+00
1.106213331222534180e+00
1.100875139236450195e+00
1.100875139236450195e+00
1.100875139236450195e+00
1.100875139236450195e+00
1.100875139236450195e+00
1.101914167404174805e+00
1.101914167404174805e+00
1.101914167404174805e+00
1.101914167404174805e+00
1.101914167404174805e+00
1.101391315460205078e+00
1.101110458374023438e+00
1.101110458374023438e+00
1.101110458374023438e+00
1.101110458374023438e+00
1.099526643753051758e+00
1.099526643753051758e+00
1.099526643753051758e+00
1.099526643753051758e+00
1.099526643753051758e+00
1.097708702087402344e+00
1.097708702087402344e+00
1.097708702087402344e+00
1.097708702087402344e+00
1.095909118652343750e+00
1.095909118652343750e+00
1.095909118652343750e+00
1.095909118652343750e+00
1.095909118652343750e+00
1.096183776855468750e+00
1.096183776855468750e+00
1.096183776855468750e+00
1.096183776855468750e+00
1.093633651733398438e+00
1.093574762344360352e+00
1.092914462089538574e+00
1.092083573341369629e+00
1.091262340545654297e+00
1.091234087944030762e+00
1.090357661247253418e+00
1.089030265808105469e+00
1.088623046875000000e+00
1.088211417198181152e+00
1.088211417198181152e+00
1.088211417198181152e+00
1.088211417198181152e+00
1.087154388427734375e+00
1.087154388427734375e+00
1.087154388427734375e+00
1.087154388427734375e+00
1.087154388427734375e+00
1.086309432983398438e+00
1.086309432983398438e+00
1.086309432983398438e+00
1.086309432983398438e+00
1.086309432983398438e+00
1.084590196609497070e+00
1.084590196609497070e+00
1.084590196609497070e+00
1.084590196609497070e+00
1.084590196609497070e+00
1.079820275306701660e+00
1.079519271850585938e+00
1.079299330711364746e+00
1.079299330711364746e+00
1.079299330711364746e+00
1.079299330711364746e+00
1.079105257987976074e+00
1.079105257987976074e+00
1.079105257987976074e+00
1.079105257987976074e+00
1.079105257987976074e+00
1.077321767807006836e+00
1.077321767807006836e+00
1.077321767807006836e+00
1.077321767807006836e+00
1.077017426490783691e+00
1.076638460159301758e+00
1.076638460159301758e+00
1.076638460159301758e+00
1.076638460159301758e+00
1.074564099311828613e+00
1.074564099311828613e+00
1.074564099311828613e+00
1.074564099311828613e+00
1.074564099311828613e+00
1.075152516365051270e+00
1.075152516365051270e+00
1.075152516365051270e+00
1.075152516365051270e+00
1.072060704231262207e+00
1.072213649749755859e+00
1.072301387786865234e+00
1.072301387786865234e+00
1.072301387786865234e+00
1.072301387786865234e+00
1.070603609085083008e+00
1.070603609085083008e+00
1.070603609085083008e+00
1.070603609085083008e+00
1.070603609085083008e+00
1.069564700126647949e+00
1.069564700126647949e+00
1.069564700126647949e+00
1.069564700126647949e+00
1.068994760513305664e+00
1.068370342254638672e+00
1.067895293235778809e+00
1.067895293235778809e+00
1.067895293235778809e+00
1.067895293235778809e+00
1.067398667335510254e+00
1.067398667335510254e+00
1.067398667335510254e+00
1.067398667335510254e+00
1.067398667335510254e+00
1.067583799362182617e+00
1.067583799362182617e+00
1.067583799362182617e+00
1.067583799362182617e+00
1.064074754714965820e+00
1.064074754714965820e+00
1.064074754714965820e+00
1.064074754714965820e+00
1.065670132637023926e+00
1.065670132637023926e+00
1.065670132637023926e+00
1.065670132637023926e+00
1.065670132637023926e+00
1.063927173614501953e+00
1.063927173614501953e+00
1.063927173614501953e+00
1.063927173614501953e+00
1.063927173614501953e+00
1.063290596008300781e+00
1.063290596008300781e+00
1.063290596008300781e+00
1.063590288162231445e+00
1.063590288162231445e+00
1.063590288162231445e+00
1.063590288162231445e+00
1.063590288162231445e+00
1.061359524726867676e+00
1.061359524726867676e+00
1.061359524726867676e+00
1.061359524726867676e+00
1.061623811721801758e+00
1.061623811721801758e+00
1.061623811721801758e+00
1.061623811721801758e+00
1.060472965240478516e+00
1.060472965240478516e+00
1.060472965240478516e+00
1.060472965240478516e+00
1.060472965240478516e+00
1.060472965240478516e+00
1.058894395828247070e+00
1.058894395828247070e+00
1.058894395828247070e+00
1.058894395828247070e+00
1.060249328613281250e+00
1.060507297515869141e+00
1.060484409332275391e+00
1.060382604598999023e+00
1.060353279113769531e+00
1.060212254524230957e+00
1.060103297233581543e+00
1.060019850730895996e+00
1.059856176376342773e+00
1.059844017028808594e+00
1.059780359268188477e+00
1.059719562530517578e+00
1.059682607650756836e+00
1.059487342834472656e+00
1.059341669082641602e+00
1.059138298034667969e+00
1.058779001235961914e+00
1.058387398719787598e+00
1.057791948318481445e+00
1.057632446289062500e+00
1.057183980941772461e+00
1.056987047195434570e+00
1.056768655776977539e+00
1.056580543518066406e+00
1.056422352790832520e+00
1.056344032287597656e+00
1.056141376495361328e+00
1.056007266044616699e+00
1.056051611900329590e+00
1.055986642837524414e+00
1.055623769760131836e+00
1.055668473243713379e+00
1.055292606353759766e+00
1.054807424545288086e+00
1.054702043533325195e+00
1.054354071617126465e+00
1.054082870483398438e+00
1.053908705711364746e+00
1.053771734237670898e+00
1.053682208061218262e+00
1.053688764572143555e+00
1.053498268127441406e+00
1.053312897682189941e+00
1.053108692169189453e+00
1.053048610687255859e+00
1.052909135818481445e+00
1.052766442298889160e+00
1.052717924118041992e+00
1.052712917327880859e+00
1.052602648735046387e+00
1.052480697631835938e+00
1.052414298057556152e+00
1.052143335342407227e+00
1.052006006240844727e+00
1.051864385604858398e+00
1.051643490791320801e+00
1.051483154296875000e+00
1.051397085189819336e+00
1.051206111907958984e+00
1.051132082939147949e+00
1.051024913787841797e+00
1.050798773765563965e+00
1.050654411315917969e+00
1.050466060638427734e+00
1.050280332565307617e+00
1.050024747848510742e+00
1.049739837646484375e+00
1.049599051475524902e+00
1.049216508865356445e+00
1.048835515975952148e+00
1.048680067062377930e+00
1.048436641693115234e+00
1.048211097717285156e+00
1.048080444335937500e+00
1.047944545745849609e+00
1.047842979431152344e+00
1.047776699066162109e+00
1.047672867774963379e+00
1.047568082809448242e+00
1.047446131706237793e+00
1.047369718551635742e+00
1.047255754470825195e+00
1.047148942947387695e+00
1.047148942947387695e+00
1.047148942947387695e+00
1.047148942947387695e+00
1.046553134918212891e+00
1.046553134918212891e+00
1.046553134918212891e+00
1.046553134918212891e+00
1.046553134918212891e+00
1.046765208244323730e+00
1.046765208244323730e+00
1.046765208244323730e+00
1.046765208244323730e+00
1.046765208244323730e+00
1.046319484710693359e+00
1.046319484710693359e+00
1.046319484710693359e+00
1.046319484710693359e+00
1.042505025863647461e+00
1.042542099952697754e+00
1.042783260345458984e+00
1.042902588844299316e+00
1.042999982833862305e+00
1.043002843856811523e+00
1.043063759803771973e+00
1.043257594108581543e+00
1.043462276458740234e+00
1.043622016906738281e+00
1.043585419654846191e+00
1.043393492698669434e+00
1.043194293975830078e+00
1.043349981307983398e+00
1.043837189674377441e+00
1.044462442398071289e+00
1.044928789138793945e+00
1.045212149620056152e+00
1.045432567596435547e+00
1.045411825180053711e+00
1.045325279235839844e+00
1.045111179351806641e+00
1.045111179351806641e+00
1.045111179351806641e+00
1.045111179351806641e+00
1.043935537338256836e+00
1.043935537338256836e+00
1.043935537338256836e+00
1.043935537338256836e+00
1.043935537338256836e+00
1.044090032577514648e+00
1.044087886810302734e+00
1.044043660163879395e+00
1.043748021125793457e+00
1.043595790863037109e+00
1.043287038803100586e+00
1.042965888977050781e+00
1.042626738548278809e+00
1.042387843132019043e+00
1.042216777801513672e+00
1.042008996009826660e+00
1.041799664497375488e+00
1.041490316390991211e+00
1.041121721267700195e+00
1.040825724601745605e+00
1.040407419204711914e+00
1.040067672729492188e+00
1.039739131927490234e+00
1.039691686630249023e+00
1.040481925010681152e+00
1.041692495346069336e+00
1.042227983474731445e+00
1.042755603790283203e+00
1.042818188667297363e+00
1.042539596557617188e+00
1.042145013809204102e+00
1.041757345199584961e+00
1.041061758995056152e+00
1.040872454643249512e+00
1.040604591369628906e+00
1.040358424186706543e+00
1.039913773536682129e+00
1.039624691009521484e+00
1.039365530014038086e+00
1.039271593093872070e+00
1.039171099662780762e+00
1.038915753364562988e+00
1.038464426994323730e+00
1.038046121597290039e+00
1.037500143051147461e+00
1.036734342575073242e+00
1.036128997802734375e+00
1.035650491714477539e+00
1.035188436508178711e+00
1.035148501396179199e+00
1.034851431846618652e+00
1.034646391868591309e+00
1.034302949905395508e+00
1.033967733383178711e+00
1.033462285995483398e+00
1.032853603363037109e+00
1.032459616661071777e+00
1.032039523124694824e+00
1.031705617904663086e+00
1.031552910804748535e+00
1.031333446502685547e+00
1.031204462051391602e+00
1.030797958374023438e+00
1.030608892440795898e+00
1.030375242233276367e+00
1.030375242233276367e+00
1.030375242233276367e+00
1.030375242233276367e+00
1.028494596481323242e+00
1.028494596481323242e+00
1.028494596481323242e+00
1.028494596481323242e+00
1.025976538658142090e+00
1.025976538658142090e+00
1.025976538658142090e+00
1.025976538658142090e+00
1.025976538658142090e+00
1.023759603500366211e+00
1.023759603500366211e+00
1.023759603500366211e+00
1.023759603500366211e+00
1.023759603500366211e+00
1.022061228752136230e+00
1.022061228752136230e+00
1.022061228752136230e+00
1.022061228752136230e+00
1.022061228752136230e+00
1.018745183944702148e+00
1.018745183944702148e+00
1.018745183944702148e+00
1.018745183944702148e+00
1.015074372291564941e+00
1.014921426773071289e+00
1.014921426773071289e+00
1.014921426773071289e+00
1.014921426773071289e+00
1.013076066970825195e+00
1.013076066970825195e+00
1.013076066970825195e+00
1.013076066970825195e+00
1.009293675422668457e+00
1.009293675422668457e+00
1.009293675422668457e+00
1.009293675422668457e+00
1.009293675422668457e+00
1.006100416183471680e+00
1.006100416183471680e+00
1.006100416183471680e+00
1.006100416183471680e+00
1.006100416183471680e+00
1.001734495162963867e+00
1.001103520393371582e+00
9.995739459991455078e-01
9.984968304634094238e-01
9.972978830337524414e-01
9.960669279098510742e-01
9.956551194190979004e-01
9.953727722167968750e-01
9.953727722167968750e-01
9.953727722167968750e-01
9.953727722167968750e-01
9.953727722167968750e-01
9.928175806999206543e-01
9.928175806999206543e-01
9.928175806999206543e-01
9.928175806999206543e-01
9.859611988067626953e-01
9.859611988067626953e-01
9.859611988067626953e-01
9.859611988067626953e-01
9.786205887794494629e-01
9.773252606391906738e-01
9.757251739501953125e-01
9.743188619613647461e-01
9.727032780647277832e-01
9.716182351112365723e-01
9.704952239990234375e-01
9.694418311119079590e-01
9.684365987777709961e-01
9.667672514915466309e-01
9.654502868652343750e-01
9.643124938011169434e-01
9.630286693572998047e-01
9.614345431327819824e-01
9.607779979705810547e-01
9.592483043670654297e-01
9.587708711624145508e-01
9.577957987785339355e-01
9.573888778686523438e-01
9.568032026290893555e-01
9.562162756919860840e-01
9.557671546936035156e-01
9.550638794898986816e-01
9.547617435455322266e-01
9.538659453392028809e-01
9.538659453392028809e-01
9.538659453392028809e-01
9.538659453392028809e-01
9.517926573753356934e-01
9.517926573753356934e-01
9.517926573753356934e-01
9.517926573753356934e-01
9.517926573753356934e-01
9.490468502044677734e-01
9.490468502044677734e-01
9.490468502044677734e-01
9.490468502044677734e-01
9.490468502044677734e-01
9.471306800842285156e-01
9.471306800842285156e-01
9.471306800842285156e-01
9.471306800842285156e-01
9.464498162269592285e-01
9.464157223701477051e-01
9.460477232933044434e-01
9.459018707275390625e-01
9.457087516784667969e-01
9.454615712165832520e-01
9.453158378601074219e-01
9.457503557205200195e-01
9.458925724029541016e-01
9.464682936668395996e-01
9.471020102500915527e-01
9.473550319671630859e-01
9.476045966148376465e-01
9.479941129684448242e-01
9.485759735107421875e-01
9.486186504364013672e-01
9.486231207847595215e-01
9.486231207847595215e-01
9.486231207847595215e-01
9.486231207847595215e-01
9.487823247909545898e-01
9.487823247909545898e-01
9.487823247909545898e-01
9.487823247909545898e-01
9.466965198516845703e-01
9.466965198516845703e-01
9.466965198516845703e-01
9.466965198516845703e-01
9.466965198516845703e-01
9.472723007202148438e-01
9.481880068778991699e-01
9.488158226013183594e-01
9.493134617805480957e-01
9.495050311088562012e-01
9.494348764419555664e-01
9.497653245925903320e-01
9.498359560966491699e-01
9.495983719825744629e-01
9.492429494857788086e-01
9.487579464912414551e-01
9.488962888717651367e-01
9.487640261650085449e-01
9.486957192420959473e-01
9.488919973373413086e-01
9.488700032234191895e-01
9.494081139564514160e-01
9.494081139564514160e-01
9.494081139564514160e-01
9.494081139564514160e-01
9.526272416114807129e-01
9.526272416114807129e-01
9.526272416114807129e-01
9.526272416114807129e-01
9.526272416114807129e-01
9.498534202575683594e-01
9.498534202575683594e-01
9.498534202575683594e-01
9.498534202575683594e-01
9.498534202575683594e-01
9.456200003623962402e-01
9.453804492950439453e-01
9.453804492950439453e-01
9.453804492950439453e-01
9.453804492950439453e-01
9.486468434333801270e-01
9.486468434333801270e-01
9.486468434333801270e-01
9.486468434333801270e-01
9.486468434333801270e-01
9.526188969612121582e-01
9.526188969612121582e-01
9.526188969612121582e-01
9.526188969612121582e-01
9.527445435523986816e-01
9.519474506378173828e-01
9.519474506378173828e-01
9.519474506378173828e-01
9.519474506378173828e-01
9.538889527320861816e-01
9.538889527320861816e-01
9.538889527320861816e-01
9.538889527320861816e-01
9.595434665679931641e-01
9.595434665679931641e-01
9.595434665679931641e-01
9.595434665679931641e-01
9.595434665679931641e-01
9.621353745460510254e-01
9.621353745460510254e-01
9.621353745460510254e-01
9.621353745460510254e-01
9.621353745460510254e-01
9.646283984184265137e-01
9.655477404594421387e-01
9.677175879478454590e-01
9.693675637245178223e-01
9.713373780250549316e-01
9.726978540420532227e-01
9.730651378631591797e-01
9.737191796302795410e-01
9.737799763679504395e-01
9.743334054946899414e-01
9.748789072036743164e-01
9.752409458160400391e-01
9.756821393966674805e-01
9.763693809509277344e-01
9.763693809509277344e-01
9.763693809509277344e-01
9.763693809509277344e-01
9.795458912849426270e-01
9.795458912849426270e-01
9.795458912849426270e-01
9.795458912849426270e-01
9.795458912849426270e-01
9.849512577056884766e-01
9.849512577056884766e-01
9.849512577056884766e-01
9.849512577056884766e-01
9.849512577056884766e-01
9.918649196624755859e-01
9.926124811172485352e-01
9.930434226989746094e-01
9.931439161300659180e-01
9.931439161300659180e-01
9.931439161300659180e-01
9.931439161300659180e-01
9.951232671737670898e-01
9.951232671737670898e-01
9.951232671737670898e-01
9.951232671737670898e-01
9.951232671737670898e-01
1.000438094139099121e+00
1.000438094139099121e+00
1.000438094139099121e+00
1.000438094139099121e+00
1.000438094139099121e+00
1.003492712974548340e+00
1.003492712974548340e+00
1.003492712974548340e+00
1.003492712974548340e+00
1.003492712974548340e+00
1.010682940483093262e+00
1.012068271636962891e+00
1.013094305992126465e+00
1.013975262641906738e+00
1.015169382095336914e+00
1.015351653099060059e+00
1.015578269958496094e+00
1.015812993049621582e+00
1.015812993049621582e+00
1.015812993049621582e+00
1.015812993049621582e+00
1.015812993049621582e+00
1.019689798355102539e+00
1.019689798355102539e+00
1.019689798355102539e+00
1.019689798355102539e+00
1.019689798355102539e+00
1.028129220008850098e+00
1.028129220008850098e+00
1.028129220008850098e+00
1.028129220008850098e+00
1.035795688629150391e+00
1.037697196006774902e+00
1.038175344467163086e+00
1.039452075958251953e+00
1.040654778480529785e+00
1.042008519172668457e+00
1.043234467506408691e+00
1.044408798217773438e+00
1.046250343322753906e+00
1.047930002212524414e+00
1.049602031707763672e+00
1.052327632904052734e+00
1.052679896354675293e+00
1.054754376411437988e+00
1.057005643844604492e+00
1.058141112327575684e+00
1.059775352478027344e+00
1.060252428054809570e+00
1.061443328857421875e+00
1.062078952789306641e+00
1.062623739242553711e+00
1.062623739242553711e+00
1.062623739242553711e+00
1.062623739242553711e+00
1.065163969993591309e+00
1.065163969993591309e+00
1.065163969993591309e+00
1.065163969993591309e+00
1.070664644241333008e+00
1.070664644241333008e+00
1.070664644241333008e+00
1.070664644241333008e+00
1.070664644241333008e+00
1.076779365539550781e+00
1.076779365539550781e+00
1.076779365539550781e+00
1.076779365539550781e+00
1.078651428222656250e+00
1.078850388526916504e+00
1.079209446907043457e+00
1.079288125038146973e+00
1.079523205757141113e+00
1.079523205757141113e+00
1.079523205757141113e+00
1.079523205757141113e+00
1.079523205757141113e+00
1.080994606018066406e+00
1.080994606018066406e+00
1.080994606018066406e+00
1.080994606018066406e+00
1.082751750946044922e+00
1.082782030105590820e+00
1.083017349243164062e+00
1.083098649978637695e+00
1.082929015159606934e+00
1.082404971122741699e+00
1.082404971122741699e+00
1.082404971122741699e+00
1.082404971122741699e+00
1.082404971122741699e+00
1.081349611282348633e+00
1.081349611282348633e+00
1.081349611282348633e+00
1.081349611282348633e+00
1.082715511322021484e+00
1.082715511322021484e+00
1.082715511322021484e+00
1.082715511322021484e+00
1.082304120063781738e+00
1.082304120063781738e+00
1.082304120063781738e+00
1.082304120063781738e+00
1.082304120063781738e+00
1.081501007080078125e+00
1.081552267074584961e+00
1.081529736518859863e+00
1.081295132637023926e+00
1.081224441528320312e+00
1.080954432487487793e+00
1.080742478370666504e+00
1.080586671829223633e+00
1.080026388168334961e+00
1.079303979873657227e+00
1.079090595245361328e+00
1.079090595245361328e+00
1.079090595245361328e+00
1.079090595245361328e+00
1.079090595245361328e+00
1.078917264938354492e+00
1.078917264938354492e+00
1.078917264938354492e+00
1.078917264938354492e+00
1.077984571456909180e+00
1.077984571456909180e+00
1.077984571456909180e+00
1.077984571456909180e+00
1.071277499198913574e+00
1.070998191833496094e+00
1.071073174476623535e+00
1.070882678031921387e+00
1.071118831634521484e+00
1.071043729782104492e+00
1.071352601051330566e+00
1.071533679962158203e+00
1.071533679962158203e+00
1.071533679962158203e+00
1.071533679962158203e+00
1.071962833404541016e+00
1.071962833404541016e+00
1.071962833404541016e+00
1.071962833404541016e+00
1.070183396339416504e+00
1.070183396339416504e+00
1.070183396339416504e+00
1.070183396339416504e+00
1.070183396339416504e+00
1.070604443550109863e+00
1.070619940757751465e+00
1.070619940757751465e+00
1.070619940757751465e+00
1.070619940757751465e+00
1.069216489791870117e+00
1.069216489791870117e+00
1.069216489791870117e+00
1.069216489791870117e+00
1.069216489791870117e+00
1.069907784461975098e+00
1.069907784461975098e+00
1.069907784461975098e+00
1.069907784461975098e+00
1.069206714630126953e+00
1.069206714630126953e+00
1.069206714630126953e+00
1.069206714630126953e+00
1.069206714630126953e+00
1.067823052406311035e+00
1.067654728889465332e+00
1.067870497703552246e+00
1.067774057388305664e+00
1.067774057388305664e+00
1.067774057388305664e+00
1.067774057388305664e+00
1.067839026451110840e+00
1.067839026451110840e+00
1.067839026451110840e+00
1.067839026451110840e+00
1.071230649948120117e+00
1.071230649948120117e+00
1.071230649948120117e+00
1.071230649948120117e+00
1.071230649948120117e+00
1.071464180946350098e+00
1.071464180946350098e+00
1.071464180946350098e+00
1.071464180946350098e+00
1.071464180946350098e+00
1.070330023765563965e+00
1.070330023765563965e+00
1.070330023765563965e+00
1.070330023765563965e+00
1.070644021034240723e+00
1.070697307586669922e+00
1.070754408836364746e+00
1.070225238800048828e+00
1.068790674209594727e+00
1.067952632904052734e+00
1.066397547721862793e+00
1.065598011016845703e+00
1.065052986145019531e+00
1.065052986145019531e+00
1.065052986145019531e+00
1.065052986145019531e+00
1.064261674880981445e+00
1.064261674880981445e+00
1.064261674880981445e+00
1.064261674880981445e+00
1.065924882888793945e+00
1.065924882888793945e+00
1.065924882888793945e+00
1.065924882888793945e+00
1.067259311676025391e+00
1.067143678665161133e+00
1.066248416900634766e+00
1.064647197723388672e+00
1.063405752182006836e+00
1.061685442924499512e+00
1.060931205749511719e+00
1.060931205749511719e+00
1.060931205749511719e+00
1.060931205749511719e+00
1.059808373451232910e+00
1.059808373451232910e+00
1.059808373451232910e+00
1.059808373451232910e+00
1.058647036552429199e+00
1.058647036552429199e+00
1.058647036552429199e+00
1.058647036552429199e+00
1.058647036552429199e+00
1.058564782142639160e+00
1.058564782142639160e+00
1.058564782142639160e+00
1.058564782142639160e+00
1.058564782142639160e+00
1.060458540916442871e+00
1.060458540916442871e+00
1.060458540916442871e+00
1.060458540916442871e+00
1.059671521186828613e+00
1.059671521186828613e+00
1.059671521186828613e+00
1.059671521186828613e+00
1.062741518020629883e+00
1.064336180686950684e+00
1.065698385238647461e+00
1.065657734870910645e+00
1.065657734870910645e+00
1.065657734870910645e+00
1.065657734870910645e+00
1.066551685333251953e+00
1.066551685333251953e+00
1.066551685333251953e+00
1.066551685333251953e+00
1.065724372863769531e+00
1.065724372863769531e+00
1.065724372863769531e+00
1.065724372863769531e+00
1.065724372863769531e+00
1.061858057975769043e+00
1.062620878219604492e+00
1.064653277397155762e+00
1.065906643867492676e+00
1.067913174629211426e+00
1.065948367118835449e+00
1.061330437660217285e+00
1.053629636764526367e+00
1.053629636764526367e+00
1.053629636764526367e+00
1.053629636764526367e+00
1.053629636764526367e+00
1.042958498001098633e+00
1.042958498001098633e+00
1.042958498001098633e+00
1.042958498001098633e+00
1.034678816795349121e+00
1.034678816795349121e+00
1.034678816795349121e+00
1.034678816795349121e+00
1.034678816795349121e+00
1.031134009361267090e+00
1.031134009361267090e+00
1.031134009361267090e+00
1.031134009361267090e+00
1.031134009361267090e+00
1.025182723999023438e+00
1.025182723999023438e+00
1.025182723999023438e+00
1.025182723999023438e+00
1.023702383041381836e+00
1.023917198181152344e+00
1.023606419563293457e+00
1.023606419563293457e+00
1.023606419563293457e+00
1.023606419563293457e+00
1.027566671371459961e+00
1.027566671371459961e+00
1.027566671371459961e+00
1.027566671371459961e+00
1.032601714134216309e+00
1.032601714134216309e+00
1.032601714134216309e+00
1.032601714134216309e+00
1.032601714134216309e+00
1.037752151489257812e+00
1.037752151489257812e+00
1.037752151489257812e+00
1.037752151489257812e+00
1.042619109153747559e+00
1.043546319007873535e+00
1.044081449508666992e+00
1.044594049453735352e+00
1.044941425323486328e+00
1.045474886894226074e+00
1.045474886894226074e+00
1.045474886894226074e+00
1.045474886894226074e+00
1.047384619712829590e+00
1.047384619712829590e+00
1.047384619712829590e+00
1.047384619712829590e+00
1.048572897911071777e+00
1.048707723617553711e+00
1.049491643905639648e+00
1.050864934921264648e+00
1.052379369735717773e+00
1.054429411888122559e+00
1.054429411888122559e+00
1.054429411888122559e+00
1.054429411888122559e+00
1.062124371528625488e+00
1.062124371528625488e+00
1.062124371528625488e+00
1.062124371528625488e+00
1.062124371528625488e+00
1.066482901573181152e+00
1.066482901573181152e+00
1.066482901573181152e+00
1.066482901573181152e+00
1.075025558471679688e+00
1.075025558471679688e+00
1.075025558471679688e+00
1.075025558471679688e+00
1.075025558471679688e+00
1.081242680549621582e+00
1.082341074943542480e+00
1.083289265632629395e+00
1.084543228149414062e+00
1.085525751113891602e+00
1.086470007896423340e+00
1.086470007896423340e+00
1.086470007896423340e+00
1.086470007896423340e+00
1.093165993690490723e+00
1.093165993690490723e+00
1.093165993690490723e+00
1.093165993690490723e+00
1.101067543029785156e+00
1.101067543029785156e+00
1.101067543029785156e+00
1.101067543029785156e+00
1.101067543029785156e+00
1.101067543029785156e+00
1.111485362052917480e+00
1.113738298416137695e+00
1.117590188980102539e+00
1.120260715484619141e+00
1.122848510742187500e+00
1.123033642768859863e+00
1.123033642768859863e+00
1.123033642768859863e+00
1.123033642768859863e+00
1.127090930938720703e+00
1.127090930938720703e+00
1.127090930938720703e+00
1.127090930938720703e+00
1.127090930938720703e+00
1.134755492210388184e+00
1.135412693023681641e+00
1.136787772178649902e+00
1.137569069862365723e+00
1.137756705284118652e+00
1.137756705284118652e+00
1.137756705284118652e+00
1.137756705284118652e+00
1.134891033172607422e+00
1.134891033172607422e+00
1.134891033172607422e+00
1.134891033172607422e+00
1.136497735977172852e+00
1.136497735977172852e+00
1.136497735977172852e+00
1.136497735977172852e+00
1.136497735977172852e+00
1.108088254928588867e+00
1.108088254928588867e+00
1.108088254928588867e+00
1.108088254928588867e+00
1.108088254928588867e+00
1.103233695030212402e+00
1.106988668441772461e+00
1.114819884300231934e+00
1.121233224868774414e+00
1.131982445716857910e+00
1.134927868843078613e+00
1.144001007080078125e+00
1.148383975028991699e+00
1.148383975028991699e+00
1.148383975028991699e+00
1.148383975028991699e+00
1.148383975028991699e+00
1.188860416412353516e+00
1.188860416412353516e+00
1.188860416412353516e+00
1.188860416412353516e+00
1.259201526641845703e+00
1.262065649032592773e+00
1.262065649032592773e+00
1.262065649032592773e+00
1.262065649032592773e+00
1.262065649032592773e+00
1.300957322120666504e+00
1.300957322120666504e+00
1.300957322120666504e+00
1.300957322120666504e+00
1.319874882698059082e+00
1.319874882698059082e+00
1.319874882698059082e+00
1.319874882698059082e+00
1.337561011314392090e+00
1.337561011314392090e+00
1.337561011314392090e+00
1.337561011314392090e+00
1.337561011314392090e+00
1.341597914695739746e+00
1.342143058776855469e+00
1.340761184692382812e+00
1.337952375411987305e+00
1.335841536521911621e+00
1.335284233093261719e+00
1.335284233093261719e+00
1.335284233093261719e+00
1.335284233093261719e+00
1.327175736427307129e+00
1.327175736427307129e+00
1.327175736427307129e+00
1.327175736427307129e+00
1.327175736427307129e+00
1.324429035186767578e+00
1.324429035186767578e+00
1.324429035186767578e+00
1.324429035186767578e+00
1.325579285621643066e+00
1.325348138809204102e+00
1.323944687843322754e+00
1.322596192359924316e+00
1.322596192359924316e+00
1.322596192359924316e+00
1.322596192359924316e+00
1.322259187698364258e+00
1.322259187698364258e+00
1.322259187698364258e+00
1.322259187698364258e+00
1.322259187698364258e+00
1.316568851470947266e+00
1.316568851470947266e+00
1.316568851470947266e+00
1.316568851470947266e+00
1.316568851470947266e+00
1.299635291099548340e+00
1.299635291099548340e+00
1.299635291099548340e+00
1.299635291099548340e+00
1.270940780639648438e+00
1.270940780639648438e+00
1.270940780639648438e+00
1.270940780639648438e+00
1.266464829444885254e+00
1.264368534088134766e+00
1.262356996536254883e+00
1.257916808128356934e+00
1.255344510078430176e+00
1.250557184219360352e+00
1.248988509178161621e+00
1.250063896179199219e+00
1.250063896179199219e+00
1.250063896179199219e+00
1.250063896179199219e+00
1.250063896179199219e+00
1.236946940422058105e+00
1.236946940422058105e+00
1.236946940422058105e+00
1.236946940422058105e+00
1.236946940422058105e+00
1.209367632865905762e+00
1.209367632865905762e+00
1.209367632865905762e+00
1.209367632865905762e+00
1.209367632865905762e+00
1.189594030380249023e+00
1.186170101165771484e+00
1.180102944374084473e+00
1.176388263702392578e+00
1.172699213027954102e+00
1.168494582176208496e+00
1.165027379989624023e+00
1.165027379989624023e+00
1.165027379989624023e+00
1.165027379989624023e+00
1.165027379989624023e+00
1.131693243980407715e+00
1.131693243980407715e+00
1.131693243980407715e+00
1.096658229827880859e+00
1.091768503189086914e+00
1.085532903671264648e+00
1.075556516647338867e+00
1.072641491889953613e+00
1.070149183273315430e+00
1.068088769912719727e+00
1.066565275192260742e+00
1.063959002494812012e+00
1.060753941535949707e+00
1.057905435562133789e+00
1.057905435562133789e+00
1.057905435562133789e+00
1.057905435562133789e+00
1.028434395790100098e+00
1.028434395790100098e+00
1.028434395790100098e+00
1.028434395790100098e+00
9.883662462234497070e-01
9.883662462234497070e-01
9.883662462234497070e-01
9.883662462234497070e-01
9.883662462234497070e-01
9.618734121322631836e-01
9.618734121322631836e-01
9.618734121322631836e-01
9.618734121322631836e-01
9.618734121322631836e-01
9.382809996604919434e-01
9.344589710235595703e-01
9.310058355331420898e-01
9.267830252647399902e-01
9.221383929252624512e-01
9.189373254776000977e-01
9.164403676986694336e-01
9.131683111190795898e-01
9.110978245735168457e-01
9.110978245735168457e-01
9.110978245735168457e-01
9.110978245735168457e-01
8.949088454246520996e-01
8.949088454246520996e-01
8.949088454246520996e-01
8.949088454246520996e-01
8.949088454246520996e-01
8.775956630706787109e-01
8.775956630706787109e-01
8.775956630706787109e-01
8.775956630706787109e-01
8.611660003662109375e-01
8.562059998512268066e-01
8.543170094490051270e-01
8.522697687149047852e-01
8.522697687149047852e-01
8.522697687149047852e-01
8.522697687149047852e-01
8.396697640419006348e-01
8.396697640419006348e-01
8.396697640419006348e-01
8.396697640419006348e-01
8.396697640419006348e-01
8.287899494171142578e-01
8.287899494171142578e-01
8.287899494171142578e-01
8.256293535232543945e-01
8.256293535232543945e-01
8.256293535232543945e-01
8.256293535232543945e-01
8.256293535232543945e-01
8.218998908996582031e-01
8.186417222023010254e-01
8.168648481369018555e-01
8.155214786529541016e-01
8.148412704467773438e-01
8.147425055503845215e-01
8.153077363967895508e-01
8.162180781364440918e-01
8.173834085464477539e-01
8.173834085464477539e-01
8.173834085464477539e-01
8.173834085464477539e-01
8.241289854049682617e-01
8.241289854049682617e-01
8.241289854049682617e-01
8.241289854049682617e-01
8.241289854049682617e-01
8.289070129394531250e-01
8.289070129394531250e-01
8.289070129394531250e-01
8.289070129394531250e-01
8.370533585548400879e-01
8.370533585548400879e-01
8.370533585548400879e-01
8.370533585548400879e-01
8.370533585548400879e-01
8.471900224685668945e-01
8.482872247695922852e-01
8.482872247695922852e-01
8.482872247695922852e-01
8.482872247695922852e-01
8.549221158027648926e-01
8.549221158027648926e-01
8.549221158027648926e-01
8.549221158027648926e-01
8.673193454742431641e-01
8.673193454742431641e-01
8.673193454742431641e-01
8.673193454742431641e-01
8.673193454742431641e-01
8.766731023788452148e-01
8.766731023788452148e-01
8.766731023788452148e-01
8.766731023788452148e-01
8.895450234413146973e-01
8.895450234413146973e-01
8.895450234413146973e-01
8.895450234413146973e-01
8.895450234413146973e-01
9.021427035331726074e-01
9.021427035331726074e-01
9.021427035331726074e-01
9.021427035331726074e-01
9.065785408020019531e-01
9.065785408020019531e-01
9.065785408020019531e-01
9.065785408020019531e-01
9.065785408020019531e-01
9.128354787826538086e-01
9.135680198669433594e-01
9.141857028007507324e-01
9.154828190803527832e-01
9.163807630538940430e-01
9.177646040916442871e-01
9.184139966964721680e-01
9.189733266830444336e-01
9.192497134208679199e-01
9.198026061058044434e-01
9.201437234878540039e-01
9.215061068534851074e-01
9.226430654525756836e-01
9.248387813568115234e-01
9.252349138259887695e-01
9.257891178131103516e-01
9.258319735527038574e-01
9.270462989807128906e-01
9.270462989807128906e-01
9.270462989807128906e-01
9.270462989807128906e-01
9.270462989807128906e-01
9.270462989807128906e-01
9.303542971611022949e-01
9.303542971611022949e-01
9.303542971611022949e-01
9.303542971611022949e-01
9.478740096092224121e-01
9.478740096092224121e-01
9.478740096092224121e-01
9.478740096092224121e-01
9.606540203094482422e-01
9.606540203094482422e-01
9.606540203094482422e-01
9.606540203094482422e-01
9.606540203094482422e-01
9.722759127616882324e-01
9.746730327606201172e-01
9.765056371688842773e-01
9.793426990509033203e-01
9.826951622962951660e-01
9.856511354446411133e-01
9.886112213134765625e-01
9.910365343093872070e-01
9.949580430984497070e-01
9.981808662414550781e-01
9.999126195907592773e-01
9.999126195907592773e-01
9.999126195907592773e-01
9.999126195907592773e-01
9.999126195907592773e-01
1.014277577400207520e+00
1.014277577400207520e+00
1.014277577400207520e+00
1.014277577400207520e+00
1.042556762695312500e+00
1.048173666000366211e+00
1.052108287811279297e+00
1.052108287811279297e+00
1.052108287811279297e+00
1.052108287811279297e+00
1.073178291320800781e+00
1.073178291320800781e+00
1.073178291320800781e+00
1.073178291320800781e+00
1.088189482688903809e+00
1.090178012847900391e+00
1.092326045036315918e+00
1.092860221862792969e+00
1.094863295555114746e+00
1.095516443252563477e+00
1.095839977264404297e+00
1.096384048461914062e+00
1.096082329750061035e+00
1.096021890640258789e+00
1.095981121063232422e+00
1.096055984497070312e+00
1.095530033111572266e+00
1.095061779022216797e+00
1.095061779022216797e+00
1.095061779022216797e+00
1.095061779022216797e+00
1.095880508422851562e+00
1.095880508422851562e+00
1.095880508422851562e+00
1.095880508422851562e+00
1.097718715667724609e+00
1.097663760185241699e+00
1.098198890686035156e+00
1.098197937011718750e+00
1.098992705345153809e+00
1.099335312843322754e+00
1.099379658699035645e+00
1.099322438240051270e+00
1.099445819854736328e+00
1.099146604537963867e+00
1.098484158515930176e+00
1.098560810089111328e+00
1.099233746528625488e+00
1.099457502365112305e+00
1.099767446517944336e+00
1.099528789520263672e+00
1.099187970161437988e+00
1.098600983619689941e+00
1.098053932189941406e+00
1.097683548927307129e+00
1.097667455673217773e+00
1.097061276435852051e+00
1.096223831176757812e+00
1.094877004623413086e+00
1.093429684638977051e+00
1.092454910278320312e+00
1.092645406723022461e+00
1.092645406723022461e+00
1.092645406723022461e+00
1.092645406723022461e+00
1.093141674995422363e+00
1.093141674995422363e+00
1.093141674995422363e+00
1.093141674995422363e+00
1.095895648002624512e+00
1.095295548439025879e+00
1.093660712242126465e+00
1.092815279960632324e+00
1.091746449470520020e+00
1.091156959533691406e+00
1.091221332550048828e+00
1.091979622840881348e+00
1.092590808868408203e+00
1.093383312225341797e+00
1.094180345535278320e+00
1.094213724136352539e+00
1.092913269996643066e+00
1.091621875762939453e+00
1.090512394905090332e+00
1.090512394905090332e+00
1.090512394905090332e+00
1.090512394905090332e+00
1.089133739471435547e+00
1.089133739471435547e+00
1.089133739471435547e+00
1.089133739471435547e+00
1.090819835662841797e+00
1.090819835662841797e+00
1.090819835662841797e+00
1.090819835662841797e+00
1.090819835662841797e+00
1.089621782302856445e+00
1.089621782302856445e+00
1.089621782302856445e+00
1.089621782302856445e+00
1.089621782302856445e+00
1.087255835533142090e+00
1.087255835533142090e+00
1.087255835533142090e+00
1.087255835533142090e+00
1.086193799972534180e+00
1.086198329925537109e+00
1.085931777954101562e+00
1.085576415061950684e+00
1.084755182266235352e+00
1.084390640258789062e+00
1.084390640258789062e+00
1.084390640258789062e+00
1.084390640258789062e+00
1.085334897041320801e+00
1.085334897041320801e+00
1.085334897041320801e+00
1.085334897041320801e+00
1.082339048385620117e+00
1.082339048385620117e+00
1.082339048385620117e+00
1.082339048385620117e+00
1.082339048385620117e+00
1.080549478530883789e+00
1.080549478530883789e+00
1.080549478530883789e+00
1.080549478530883789e+00
1.080549478530883789e+00
1.077456235885620117e+00
1.077456235885620117e+00
1.077456235885620117e+00
1.077456235885620117e+00
1.077456235885620117e+00
1.078331708908081055e+00
1.078331708908081055e+00
1.078331708908081055e+00
1.078331708908081055e+00
1.077184438705444336e+00
1.076997518539428711e+00
1.076997518539428711e+00
1.076997518539428711e+00
1.076997518539428711e+00
1.075300931930541992e+00
1.075300931930541992e+00
1.075300931930541992e+00
1.075300931930541992e+00
1.075300931930541992e+00
1.071290850639343262e+00
1.071290850639343262e+00
1.071290850639343262e+00
1.071290850639343262e+00
1.070818066596984863e+00
1.070818066596984863e+00
1.070818066596984863e+00
1.070818066596984863e+00
1.070818066596984863e+00
1.070068836212158203e+00
1.070068836212158203e+00
1.070068836212158203e+00
1.070068836212158203e+00
1.069924116134643555e+00
1.069663882255554199e+00
1.069663882255554199e+00
1.069663882255554199e+00
1.069663882255554199e+00
1.069663882255554199e+00
1.067824125289916992e+00
1.067824125289916992e+00
1.067824125289916992e+00
1.067824125289916992e+00
1.068578720092773438e+00
1.068578720092773438e+00
1.068578720092773438e+00
1.068578720092773438e+00
1.066497683525085449e+00
1.066605567932128906e+00
1.066966414451599121e+00
1.066915512084960938e+00
1.066771268844604492e+00
1.066001176834106445e+00
1.065255403518676758e+00
1.064179897308349609e+00
1.063227415084838867e+00
1.062848687171936035e+00
1.062848687171936035e+00
1.062848687171936035e+00
1.062848687171936035e+00
1.064086794853210449e+00
1.064086794853210449e+00
1.064086794853210449e+00
1.064086794853210449e+00
1.064086794853210449e+00
1.061106801033020020e+00
1.061106801033020020e+00
1.061106801033020020e+00
1.061106801033020020e+00
1.062889099121093750e+00
1.062889099121093750e+00
1.062889099121093750e+00
1.062889099121093750e+00
1.062889099121093750e+00
1.062506914138793945e+00
1.062506914138793945e+00
1.062506914138793945e+00
1.062506914138793945e+00
1.059988975524902344e+00
1.060397863388061523e+00
1.061200141906738281e+00
1.061448454856872559e+00
1.061455011367797852e+00
1.061121225357055664e+00
1.061121225357055664e+00
1.061121225357055664e+00
1.061121225357055664e+00
1.058322191238403320e+00
1.058322191238403320e+00
1.058322191238403320e+00
1.058322191238403320e+00
1.058284521102905273e+00
1.058284521102905273e+00
1.058284521102905273e+00
1.058284521102905273e+00
1.057002782821655273e+00
1.057002782821655273e+00
1.057002782821655273e+00
1.057002782821655273e+00
1.057002782821655273e+00
1.055575370788574219e+00
1.055575370788574219e+00
1.055575370788574219e+00
1.055575370788574219e+00
1.055575370788574219e+00
1.055176854133605957e+00
1.054992198944091797e+00
1.054655313491821289e+00
1.054123401641845703e+00
1.053524971008300781e+00
1.053255319595336914e+00
1.053090453147888184e+00
1.052959918975830078e+00
1.053046107292175293e+00
1.053287506103515625e+00
1.053451657295227051e+00
1.053742408752441406e+00
1.053649306297302246e+00
1.053544402122497559e+00
1.053469061851501465e+00
1.053335905075073242e+00
1.053117275238037109e+00
1.053130507469177246e+00
1.053130507469177246e+00
1.053130507469177246e+00
1.053130507469177246e+00
1.052359700202941895e+00
1.052359700202941895e+00
1.052359700202941895e+00
1.052359700202941895e+00
1.052359700202941895e+00
1.052662372589111328e+00
1.052643299102783203e+00
1.052613019943237305e+00
1.052379369735717773e+00
1.052395820617675781e+00
1.052239418029785156e+00
1.052153348922729492e+00
1.052078485488891602e+00
1.052016019821166992e+00
1.052016019821166992e+00
1.052016019821166992e+00
1.052016019821166992e+00
1.051622152328491211e+00
1.051622152328491211e+00
1.051622152328491211e+00
1.051622152328491211e+00
1.051622152328491211e+00
1.052251458168029785e+00
1.052251458168029785e+00
1.052251458168029785e+00
1.052251458168029785e+00
1.052577018737792969e+00
1.052673459053039551e+00
1.052857518196105957e+00
1.053002834320068359e+00
1.053002834320068359e+00
1.053002834320068359e+00
1.053002834320068359e+00
1.052729606628417969e+00
1.052729606628417969e+00
1.052729606628417969e+00
1.052729606628417969e+00
1.052983283996582031e+00
1.052983283996582031e+00
1.052983283996582031e+00
1.052983283996582031e+00
1.053479671478271484e+00
1.053479671478271484e+00
1.053479671478271484e+00
1.053479671478271484e+00
1.053479671478271484e+00
1.053242683410644531e+00
1.053190112113952637e+00
1.053303480148315430e+00
1.053348064422607422e+00
1.053337574005126953e+00
1.053337574005126953e+00
1.053337574005126953e+00
1.053337574005126953e+00
1.052729487419128418e+00
1.052729487419128418e+00
1.052729487419128418e+00
1.052729487419128418e+00
1.052392959594726562e+00
1.052392959594726562e+00
1.052392959594726562e+00
1.052392959594726562e+00
1.052392959594726562e+00
1.051639676094055176e+00
1.051639676094055176e+00
1.051639676094055176e+00
1.051639676094055176e+00
1.051971673965454102e+00
1.051971673965454102e+00
1.051971673965454102e+00
1.051971673965454102e+00
1.051971673965454102e+00
1.051608443260192871e+00
1.051514148712158203e+00
1.051518917083740234e+00
1.051458835601806641e+00
1.051368713378906250e+00
1.051168560981750488e+00
1.050959825515747070e+00
1.050823926925659180e+00
1.050729632377624512e+00
1.050641775131225586e+00
1.050483226776123047e+00
1.050343036651611328e+00
1.050343036651611328e+00
1.050343036651611328e+00
1.050343036651611328e+00
1.048578143119812012e+00
1.048578143119812012e+00
1.048578143119812012e+00
1.048578143119812012e+00
1.044898748397827148e+00
1.044898748397827148e+00
1.044898748397827148e+00
1.044898748397827148e+00
1.044898748397827148e+00
1.045259475708007812e+00
1.045259475708007812e+00
1.045259475708007812e+00
1.045259475708007812e+00
1.046751499176025391e+00
1.046850919723510742e+00
1.047005295753479004e+00
1.047103285789489746e+00
1.047103285789489746e+00
1.047103285789489746e+00
1.047103285789489746e+00
1.049558401107788086e+00
1.049558401107788086e+00
1.049558401107788086e+00
1.049558401107788086e+00
1.052059531211853027e+00
1.052059531211853027e+00
1.052059531211853027e+00
1.052059531211853027e+00
1.052059531211853027e+00
1.051341652870178223e+00
1.051341652870178223e+00
1.051341652870178223e+00
1.051341652870178223e+00
1.051341652870178223e+00
1.050860643386840820e+00
1.050860643386840820e+00
1.050860643386840820e+00
1.050860643386840820e+00
1.050860643386840820e+00
1.049944162368774414e+00
1.049711704254150391e+00
1.049468517303466797e+00
1.049209594726562500e+00
1.048852205276489258e+00
1.048446893692016602e+00
1.048065066337585449e+00
1.047760486602783203e+00
1.047760486602783203e+00
1.047760486602783203e+00
1.047760486602783203e+00
1.046446800231933594e+00
1.046446800231933594e+00
1.046446800231933594e+00
1.046446800231933594e+00
1.048340082168579102e+00
1.048340082168579102e+00
1.048340082168579102e+00
1.048340082168579102e+00
1.048340082168579102e+00
1.050954580307006836e+00
1.050480842590332031e+00
1.050103306770324707e+00
1.050103306770324707e+00
1.050103306770324707e+00
1.050103306770324707e+00
1.047581195831298828e+00
1.047581195831298828e+00
1.047581195831298828e+00
1.047581195831298828e+00
1.046044707298278809e+00
1.046044707298278809e+00
1.046044707298278809e+00
1.046044707298278809e+00
1.046044707298278809e+00
1.043783664703369141e+00
1.043131828308105469e+00
1.042610645294189453e+00
1.042127966880798340e+00
1.041386246681213379e+00
1.041386246681213379e+00
1.041386246681213379e+00
1.041386246681213379e+00
1.041386246681213379e+00
1.039587378501892090e+00
