2.072475433349609375e+00
2.072478294372558594e+00
2.072287321090698242e+00
2.072213649749755859e+00
2.071785926818847656e+00
2.071219205856323242e+00
2.070437192916870117e+00
2.069891929626464844e+00
2.067808389663696289e+00
2.066481351852416992e+00
2.065636634826660156e+00
2.063759088516235352e+00
2.062058925628662109e+00
2.058869361877441406e+00
2.055639028549194336e+00
2.053601503372192383e+00
2.049995183944702148e+00
2.046763896942138672e+00
2.043318033218383789e+00
2.038747310638427734e+00
2.035104274749755859e+00
2.028964281082153320e+00
2.024528741836547852e+00
2.019497156143188477e+00
2.014130592346191406e+00
2.008673667907714844e+00
1.999969840049743652e+00
1.996971607208251953e+00
1.987765789031982422e+00
1.984561681747436523e+00
1.978158831596374512e+00
1.970821022987365723e+00
1.964646339416503906e+00
1.957614064216613770e+00
1.951225519180297852e+00
1.942565679550170898e+00
1.937390565872192383e+00
1.928331494331359863e+00
1.921446800231933594e+00
1.913597822189331055e+00
1.905679821968078613e+00
1.893772125244140625e+00
1.885859966278076172e+00
1.878021121025085449e+00
1.874177336692810059e+00
1.865636587142944336e+00
1.858681082725524902e+00
1.850932717323303223e+00
1.843040466308593750e+00
1.834438920021057129e+00
1.827142596244812012e+00
1.818284511566162109e+00
1.809947848320007324e+00
1.802457213401794434e+00
1.792498707771301270e+00
1.785993099212646484e+00
1.777217507362365723e+00
1.769472002983093262e+00
1.761091828346252441e+00
1.754457950592041016e+00
1.746363401412963867e+00
1.739767432212829590e+00
1.732412815093994141e+00
1.722055912017822266e+00
1.716870427131652832e+00
1.708030223846435547e+00
1.703577280044555664e+00
1.694882631301879883e+00
1.685550332069396973e+00
1.680524349212646484e+00
1.673539757728576660e+00
1.667166709899902344e+00
1.659617662429809570e+00
1.650808453559875488e+00
1.647516965866088867e+00
1.640284299850463867e+00
1.630529642105102539e+00
1.626022577285766602e+00
1.620013833045959473e+00
1.613956809043884277e+00
1.607192993164062500e+00
1.603880286216735840e+00
1.603880286216735840e+00
1.603880286216735840e+00
1.603880286216735840e+00
1.576363921165466309e+00
1.576363921165466309e+00
1.576363921165466309e+00
1.576363921165466309e+00
1.576363921165466309e+00
1.550684332847595215e+00
1.550684332847595215e+00
1.550684332847595215e+00
1.550684332847595215e+00
1.524097561836242676e+00
1.517922401428222656e+00
1.512405633926391602e+00
1.508657336235046387e+00
1.508657336235046387e+00
1.508657336235046387e+00
1.508657336235046387e+00
1.484893560409545898e+00
1.484893560409545898e+00
1.484893560409545898e+00
1.484893560409545898e+00
1.484893560409545898e+00
1.461802721023559570e+00
1.456816911697387695e+00
1.451828956604003906e+00
1.447409868240356445e+00
1.441470265388488770e+00
1.439055323600769043e+00
1.439055323600769043e+00
1.439055323600769043e+00
1.439055323600769043e+00
1.418931484222412109e+00
1.418931484222412109e+00
1.418931484222412109e+00
1.418931484222412109e+00
1.400488615036010742e+00
1.400488615036010742e+00
1.400488615036010742e+00
1.400488615036010742e+00
1.400488615036010742e+00
1.382540345191955566e+00
1.382540345191955566e+00
1.382540345191955566e+00
1.382540345191955566e+00
1.364853739738464355e+00
1.364853739738464355e+00
1.364853739738464355e+00
1.364853739738464355e+00
1.364853739738464355e+00
1.347267985343933105e+00
1.347267985343933105e+00
1.347267985343933105e+00
1.347267985343933105e+00
1.347267985343933105e+00
1.330080747604370117e+00
1.326502323150634766e+00
1.324216127395629883e+00
1.324216127395629883e+00
1.324216127395629883e+00
1.324216127395629883e+00
1.310806274414062500e+00
1.310806274414062500e+00
1.310806274414062500e+00
1.310806274414062500e+00
1.310806274414062500e+00
1.296159863471984863e+00
1.296159863471984863e+00
1.296159863471984863e+00
1.296159863471984863e+00
1.279132127761840820e+00
1.278309226036071777e+00
1.273868083953857422e+00
1.272785186767578125e+00
1.269652485847473145e+00
1.265973210334777832e+00
1.264681220054626465e+00
1.262904047966003418e+00
1.262904047966003418e+00
1.262904047966003418e+00
1.262904047966003418e+00
1.250946164131164551e+00
1.250946164131164551e+00
1.250946164131164551e+00
1.250946164131164551e+00
1.250946164131164551e+00
1.237892627716064453e+00
1.234208941459655762e+00
1.233484148979187012e+00
1.233484148979187012e+00
1.233484148979187012e+00
1.233484148979187012e+00
1.222829699516296387e+00
1.222829699516296387e+00
1.222829699516296387e+00
1.222829699516296387e+00
1.222829699516296387e+00
1.212878465652465820e+00
1.212878465652465820e+00
1.212878465652465820e+00
1.212878465652465820e+00
1.203137636184692383e+00
1.203137636184692383e+00
1.203137636184692383e+00
1.203137636184692383e+00
1.192975282669067383e+00
1.192975282669067383e+00
1.192975282669067383e+00
1.192975282669067383e+00
1.192975282669067383e+00
1.184438586235046387e+00
1.181997299194335938e+00
1.181242465972900391e+00
1.179714322090148926e+00
1.177720665931701660e+00
1.177060484886169434e+00
1.177060484886169434e+00
1.177060484886169434e+00
1.177060484886169434e+00
1.170262932777404785e+00
1.170262932777404785e+00
1.170262932777404785e+00
1.170262932777404785e+00
1.170262932777404785e+00
1.163193225860595703e+00
1.163193225860595703e+00
1.163193225860595703e+00
1.163193225860595703e+00
1.163193225860595703e+00
1.155810952186584473e+00
1.154590249061584473e+00
1.153588652610778809e+00
1.153148293495178223e+00
1.153148293495178223e+00
1.153148293495178223e+00
1.153148293495178223e+00
1.149511218070983887e+00
1.149511218070983887e+00
1.149511218070983887e+00
1.149511218070983887e+00
1.149511218070983887e+00
1.147115468978881836e+00
1.146577835083007812e+00
1.146097898483276367e+00
1.145527839660644531e+00
1.145158529281616211e+00
1.144757509231567383e+00
1.144061207771301270e+00
1.143136620521545410e+00
1.142483949661254883e+00
1.141824007034301758e+00
1.141411662101745605e+00
1.140881180763244629e+00
1.140327215194702148e+00
1.140042424201965332e+00
1.139592885971069336e+00
1.139137506484985352e+00
1.138634920120239258e+00
1.137614488601684570e+00
1.137055993080139160e+00
1.136737108230590820e+00
1.136456370353698730e+00
1.136456370353698730e+00
1.136456370353698730e+00
1.136456370353698730e+00
1.133327722549438477e+00
1.133327722549438477e+00
1.133327722549438477e+00
1.133327722549438477e+00
1.131200551986694336e+00
1.131200551986694336e+00
1.131200551986694336e+00
1.131200551986694336e+00
1.128705859184265137e+00
1.128607034683227539e+00
1.128429055213928223e+00
1.128429055213928223e+00
1.128429055213928223e+00
1.128429055213928223e+00
1.126550674438476562e+00
1.126550674438476562e+00
1.126550674438476562e+00
1.126550674438476562e+00
1.123024940490722656e+00
1.123024940490722656e+00
1.123024940490722656e+00
1.123024940490722656e+00
1.123024940490722656e+00
1.120065212249755859e+00
1.120065212249755859e+00
1.120065212249755859e+00
1.120065212249755859e+00
1.120065212249755859e+00
1.117727994918823242e+00
1.117727994918823242e+00
1.117727994918823242e+00
1.117727994918823242e+00
1.115624666213989258e+00
1.115624666213989258e+00
1.115624666213989258e+00
1.115624666213989258e+00
1.115624666213989258e+00
1.112521052360534668e+00
1.111841320991516113e+00
1.111526966094970703e+00
1.110838532447814941e+00
1.109420180320739746e+00
1.108422517776489258e+00
1.108007907867431641e+00
1.107064366340637207e+00
1.106175065040588379e+00
1.105327725410461426e+00
1.105092406272888184e+00
1.103996634483337402e+00
1.103553414344787598e+00
1.102201461791992188e+00
1.101498961448669434e+00
1.100682497024536133e+00
1.100010156631469727e+00
1.099372625350952148e+00
1.097905397415161133e+00
1.096840858459472656e+00
1.096099257469177246e+00
1.094270825386047363e+00
1.093748688697814941e+00
1.092294335365295410e+00
1.091163277626037598e+00
1.090687990188598633e+00
1.089751720428466797e+00
1.088613510131835938e+00
1.088017582893371582e+00
1.087269902229309082e+00
1.086922168731689453e+00
1.085591673851013184e+00
1.085383653640747070e+00
1.084282398223876953e+00
1.083959102630615234e+00
1.082662582397460938e+00
1.081968188285827637e+00
1.081161499023437500e+00
1.080502986907958984e+00
1.080124497413635254e+00
1.080124497413635254e+00
1.080124497413635254e+00
1.080124497413635254e+00
1.075846672058105469e+00
1.075846672058105469e+00
1.075846672058105469e+00
1.075846672058105469e+00
1.072107076644897461e+00
1.071274161338806152e+00
1.070922493934631348e+00
1.070389866828918457e+00
1.069963455200195312e+00
1.069963455200195312e+00
1.069963455200195312e+00
1.069963455200195312e+00
1.068197965621948242e+00
1.068197965621948242e+00
1.068197965621948242e+00
1.068197965621948242e+00
1.068197965621948242e+00
1.066287994384765625e+00
1.066287994384765625e+00
1.066287994384765625e+00
1.066287994384765625e+00
1.064897418022155762e+00
1.064628243446350098e+00
1.064434766769409180e+00
1.064231038093566895e+00
1.063860654830932617e+00
1.063661456108093262e+00
1.063421726226806641e+00
1.063104152679443359e+00
1.062702536582946777e+00
1.062312126159667969e+00
1.061635136604309082e+00
1.060523629188537598e+00
1.060622930526733398e+00
1.060131549835205078e+00
1.060028553009033203e+00
1.060250401496887207e+00
1.060214042663574219e+00
1.060214042663574219e+00
1.060214042663574219e+00
1.060214042663574219e+00
1.060214042663574219e+00
1.061908364295959473e+00
1.061908364295959473e+00
1.061908364295959473e+00
1.061908364295959473e+00
1.061908364295959473e+00
1.062137603759765625e+00
1.062137603759765625e+00
1.062137603759765625e+00
1.062137603759765625e+00
1.061460494995117188e+00
1.060443043708801270e+00
1.059587001800537109e+00
1.059272408485412598e+00
1.058786869049072266e+00
1.058396935462951660e+00
1.058258175849914551e+00
1.058109760284423828e+00
1.057103991508483887e+00
1.056671619415283203e+00
1.056059718132019043e+00
1.055696606636047363e+00
1.055278182029724121e+00
1.055261254310607910e+00
1.054917454719543457e+00
1.053778052330017090e+00
1.052855968475341797e+00
1.051965117454528809e+00
1.051116943359375000e+00
1.050502896308898926e+00
1.050014734268188477e+00
1.049882411956787109e+00
1.049382925033569336e+00
1.049382925033569336e+00
1.049382925033569336e+00
1.049382925033569336e+00
1.049382925033569336e+00
1.050025820732116699e+00
1.050025820732116699e+00
1.050025820732116699e+00
1.050025820732116699e+00
1.053142666816711426e+00
1.053142666816711426e+00
1.053142666816711426e+00
1.053142666816711426e+00
1.053142666816711426e+00
1.054327249526977539e+00
1.054327249526977539e+00
1.054327249526977539e+00
1.054327249526977539e+00
1.054327249526977539e+00
1.053760409355163574e+00
1.053703904151916504e+00
1.053905129432678223e+00
1.053905129432678223e+00
1.053905129432678223e+00
1.053905129432678223e+00
1.055670499801635742e+00
1.055670499801635742e+00
1.055670499801635742e+00
1.055670499801635742e+00
1.059489846229553223e+00
1.059936285018920898e+00
1.060467720031738281e+00
1.060467720031738281e+00
1.060467720031738281e+00
1.060467720031738281e+00
1.062206387519836426e+00
1.062206387519836426e+00
1.062206387519836426e+00
1.062206387519836426e+00
1.062206387519836426e+00
1.059156417846679688e+00
1.057074069976806641e+00
1.056282043457031250e+00
1.055994629859924316e+00
1.055994629859924316e+00
1.055994629859924316e+00
1.055994629859924316e+00
1.055994629859924316e+00
1.051005244255065918e+00
1.051005244255065918e+00
1.051005244255065918e+00
1.048371076583862305e+00
1.048482537269592285e+00
1.049813866615295410e+00
1.049971461296081543e+00
1.051186323165893555e+00
1.051340579986572266e+00
1.051529049873352051e+00
1.051317691802978516e+00
1.051249742507934570e+00
1.051448702812194824e+00
1.051476716995239258e+00
1.051344156265258789e+00
1.051344156265258789e+00
1.051344156265258789e+00
1.051344156265258789e+00
1.050311088562011719e+00
1.050311088562011719e+00
1.050311088562011719e+00
1.050311088562011719e+00
1.053671836853027344e+00
1.053671836853027344e+00
1.053671836853027344e+00
1.053671836853027344e+00
1.053671836853027344e+00
1.056421637535095215e+00
1.056421637535095215e+00
1.056421637535095215e+00
1.056421637535095215e+00
1.057283282279968262e+00
1.057283282279968262e+00
1.057283282279968262e+00
1.057283282279968262e+00
1.057192325592041016e+00
1.057288885116577148e+00
1.057105779647827148e+00
1.055951118469238281e+00
1.054937124252319336e+00
1.052940011024475098e+00
1.051644086837768555e+00
1.049936771392822266e+00
1.049229145050048828e+00
1.048524856567382812e+00
1.047005414962768555e+00
1.046535968780517578e+00
1.045947551727294922e+00
1.045643448829650879e+00
1.045823216438293457e+00
1.046397089958190918e+00
1.047025203704833984e+00
1.046750426292419434e+00
1.046638607978820801e+00
1.046511769294738770e+00
1.045861244201660156e+00
1.045676708221435547e+00
1.044920325279235840e+00
1.044236183166503906e+00
1.043426752090454102e+00
1.043735384941101074e+00
1.043749332427978516e+00
1.044258832931518555e+00
1.044487118721008301e+00
1.044944763183593750e+00
1.045758724212646484e+00
1.046507835388183594e+00
1.046905040740966797e+00
1.046925425529479980e+00
1.046766281127929688e+00
1.046216726303100586e+00
1.045405745506286621e+00
1.044280767440795898e+00
1.043343067169189453e+00
1.042508602142333984e+00
1.041589498519897461e+00
1.041429758071899414e+00
1.047775626182556152e+00
1.049146890640258789e+00
1.051037073135375977e+00
1.051933407783508301e+00
1.052531480789184570e+00
1.053011178970336914e+00
1.053011178970336914e+00
1.053011178970336914e+00
1.053011178970336914e+00
1.052466392517089844e+00
1.052466392517089844e+00
1.052466392517089844e+00
1.052466392517089844e+00
1.052466392517089844e+00
1.046784758567810059e+00
1.048026800155639648e+00
1.050448060035705566e+00
1.050879597663879395e+00
1.050879597663879395e+00
1.050879597663879395e+00
1.050879597663879395e+00
1.053754806518554688e+00
1.053754806518554688e+00
1.053754806518554688e+00
1.053754806518554688e+00
1.053754806518554688e+00
1.052993774414062500e+00
1.052409648895263672e+00
1.050336837768554688e+00
1.054463744163513184e+00
1.061679840087890625e+00
1.067433595657348633e+00
1.071068048477172852e+00
1.071552634239196777e+00
1.072061061859130859e+00
1.071962475776672363e+00
1.071432113647460938e+00
1.071432113647460938e+00
1.071432113647460938e+00
1.071432113647460938e+00
1.068129062652587891e+00
1.068129062652587891e+00
1.068129062652587891e+00
1.068129062652587891e+00
1.068129062652587891e+00
1.068455457687377930e+00
1.068455457687377930e+00
1.068455457687377930e+00
1.068455457687377930e+00
1.090011358261108398e+00
1.095251083374023438e+00
1.099429965019226074e+00
1.101357936859130859e+00
1.102270841598510742e+00
1.102488994598388672e+00
1.101379752159118652e+00
1.100884437561035156e+00
1.100092172622680664e+00
1.100092172622680664e+00
1.100092172622680664e+00
1.100092172622680664e+00
1.123407721519470215e+00
1.123407721519470215e+00
1.123407721519470215e+00
1.123407721519470215e+00
1.123407721519470215e+00
1.157014369964599609e+00
1.157014369964599609e+00
1.157014369964599609e+00
1.157014369964599609e+00
1.157014369964599609e+00
1.178916692733764648e+00
1.179582595825195312e+00
1.179582595825195312e+00
1.179582595825195312e+00
1.179582595825195312e+00
1.182163238525390625e+00
1.182163238525390625e+00
1.182163238525390625e+00
1.182163238525390625e+00
1.182369709014892578e+00
1.182369709014892578e+00
1.182369709014892578e+00
1.182369709014892578e+00
1.182369709014892578e+00
1.175663232803344727e+00
1.175663232803344727e+00
1.175663232803344727e+00
1.175663232803344727e+00
1.175663232803344727e+00
1.168876886367797852e+00
1.168876886367797852e+00
1.168876886367797852e+00
1.168876886367797852e+00
1.168876886367797852e+00
1.158821105957031250e+00
1.155588865280151367e+00
1.151851177215576172e+00
1.148416399955749512e+00
1.145800709724426270e+00
1.143413782119750977e+00
1.142592430114746094e+00
1.141890048980712891e+00
1.139977455139160156e+00
1.138406991958618164e+00
1.137126207351684570e+00
1.136156082153320312e+00
1.134780049324035645e+00
1.133788704872131348e+00
1.133159160614013672e+00
1.133159160614013672e+00
1.133159160614013672e+00
1.133159160614013672e+00
1.129940152168273926e+00
1.129940152168273926e+00
1.129940152168273926e+00
1.129940152168273926e+00
1.129940152168273926e+00
1.129132747650146484e+00
1.129132747650146484e+00
1.129132747650146484e+00
1.129132747650146484e+00
1.129132747650146484e+00
1.130754590034484863e+00
1.130940914154052734e+00
1.131633162498474121e+00
1.132072448730468750e+00
1.132555603981018066e+00
1.132464766502380371e+00
1.132472157478332520e+00
1.132208228111267090e+00
1.131693959236145020e+00
1.131070852279663086e+00
1.130548477172851562e+00
1.130395054817199707e+00
1.130479931831359863e+00
1.130821108818054199e+00
1.131257295608520508e+00
1.131669044494628906e+00
1.131197333335876465e+00
1.125712752342224121e+00
1.121102690696716309e+00
1.117360115051269531e+00
1.111059904098510742e+00
1.108791828155517578e+00
1.108123540878295898e+00
1.106850266456604004e+00
1.106185197830200195e+00
1.106224775314331055e+00
1.106690764427185059e+00
1.107390284538269043e+00
1.107869029045104980e+00
1.107869029045104980e+00
1.107869029045104980e+00
1.107869029045104980e+00
1.109489321708679199e+00
1.109489321708679199e+00
1.109489321708679199e+00
1.109489321708679199e+00
1.109489321708679199e+00
1.096042156219482422e+00
1.096042156219482422e+00
1.096042156219482422e+00
1.096042156219482422e+00
1.096042156219482422e+00
1.089015722274780273e+00
1.089518785476684570e+00
1.090284347534179688e+00
1.090703725814819336e+00
1.088678121566772461e+00
1.087279200553894043e+00
1.083969950675964355e+00
1.083619117736816406e+00
1.083904266357421875e+00
1.084435224533081055e+00
1.085037469863891602e+00
1.085390686988830566e+00
1.085346937179565430e+00
1.085067749023437500e+00
1.085109233856201172e+00
1.085270643234252930e+00
1.085626006126403809e+00
1.085626006126403809e+00
1.085626006126403809e+00
1.085626006126403809e+00
1.083514928817749023e+00
1.083514928817749023e+00
1.083514928817749023e+00
1.083514928817749023e+00
1.083514928817749023e+00
1.078772306442260742e+00
1.078772306442260742e+00
1.078772306442260742e+00
1.078772306442260742e+00
1.078772306442260742e+00
1.078239202499389648e+00
1.078239202499389648e+00
1.078239202499389648e+00
1.078239202499389648e+00
1.078239202499389648e+00
1.080508708953857422e+00
1.080508708953857422e+00
1.080508708953857422e+00
1.080508708953857422e+00
1.080508708953857422e+00
1.067680835723876953e+00
1.061772108078002930e+00
1.055467963218688965e+00
1.050145387649536133e+00
1.048853516578674316e+00
1.048191189765930176e+00
1.048121929168701172e+00
1.048121929168701172e+00
1.048121929168701172e+00
1.048121929168701172e+00
1.046947598457336426e+00
1.046947598457336426e+00
1.046947598457336426e+00
1.046947598457336426e+00
1.046947598457336426e+00
1.049277067184448242e+00
1.049506187438964844e+00
1.049983978271484375e+00
1.050541281700134277e+00
1.051054716110229492e+00
1.051475048065185547e+00
1.051540136337280273e+00
1.051619529724121094e+00
1.051773548126220703e+00
1.049636960029602051e+00
1.048027157783508301e+00
1.046029567718505859e+00
1.045565128326416016e+00
1.045355677604675293e+00
1.045355677604675293e+00
1.045355677604675293e+00
1.045355677604675293e+00
1.043853521347045898e+00
1.043853521347045898e+00
1.043853521347045898e+00
1.043853521347045898e+00
1.043853521347045898e+00
1.044371962547302246e+00
1.044371962547302246e+00
1.044371962547302246e+00
1.044371962547302246e+00
1.044371962547302246e+00
1.044976711273193359e+00
1.044976711273193359e+00
1.044976711273193359e+00
1.044976711273193359e+00
1.044976711273193359e+00
1.047294735908508301e+00
1.047510623931884766e+00
1.047577619552612305e+00
1.047654867172241211e+00
1.047728061676025391e+00
1.047728061676025391e+00
1.047728061676025391e+00
1.047728061676025391e+00
1.045618295669555664e+00
1.045618295669555664e+00
1.045618295669555664e+00
1.045618295669555664e+00
1.040959000587463379e+00
1.040959000587463379e+00
1.040959000587463379e+00
1.040959000587463379e+00
1.041240692138671875e+00
1.041240692138671875e+00
1.041240692138671875e+00
1.041240692138671875e+00
1.041240692138671875e+00
1.039940118789672852e+00
1.040531396865844727e+00
1.040891408920288086e+00
1.041076183319091797e+00
1.041330456733703613e+00
1.041733503341674805e+00
1.042125105857849121e+00
1.042583942413330078e+00
1.043232440948486328e+00
1.043498873710632324e+00
1.043498873710632324e+00
1.043498873710632324e+00
1.043498873710632324e+00
1.046482682228088379e+00
1.046482682228088379e+00
1.046482682228088379e+00
1.046482682228088379e+00
1.046482682228088379e+00
1.050801277160644531e+00
1.051804542541503906e+00
1.052511930465698242e+00
1.053703069686889648e+00
1.054363727569580078e+00
1.055080652236938477e+00
1.055368900299072266e+00
1.055735826492309570e+00
1.056087255477905273e+00
1.056665778160095215e+00
1.057208299636840820e+00
1.057479143142700195e+00
1.057633757591247559e+00
1.057891249656677246e+00
1.058362483978271484e+00
1.058756351470947266e+00
1.058895945549011230e+00
1.058895945549011230e+00
1.058895945549011230e+00
1.058895945549011230e+00
1.057704925537109375e+00
1.057704925537109375e+00
1.057704925537109375e+00
1.057704925537109375e+00
1.057704925537109375e+00
1.056785702705383301e+00
1.056785702705383301e+00
1.056785702705383301e+00
1.056785702705383301e+00
1.057294368743896484e+00
1.057195425033569336e+00
1.057176113128662109e+00
1.056883931159973145e+00
1.056595206260681152e+00
1.056157469749450684e+00
1.055705904960632324e+00
1.055421113967895508e+00
1.055113315582275391e+00
1.054727315902709961e+00
1.054388165473937988e+00
1.053922653198242188e+00
1.053767561912536621e+00
1.053376555442810059e+00
1.053189516067504883e+00
1.053046941757202148e+00
1.053079366683959961e+00
1.052980422973632812e+00
1.052751064300537109e+00
1.052239537239074707e+00
1.051833033561706543e+00
1.051833033561706543e+00
1.051833033561706543e+00
1.051833033561706543e+00
1.049143671989440918e+00
1.049143671989440918e+00
1.049143671989440918e+00
1.049143671989440918e+00
1.046281099319458008e+00
1.046281099319458008e+00
1.046281099319458008e+00
1.046281099319458008e+00
1.046281099319458008e+00
1.044067025184631348e+00
1.044067025184631348e+00
1.044067025184631348e+00
1.044067025184631348e+00
1.042916536331176758e+00
1.042375683784484863e+00
1.041694402694702148e+00
1.040944814682006836e+00
1.040277838706970215e+00
1.039504528045654297e+00
1.039125680923461914e+00
1.038662672042846680e+00
1.038063287734985352e+00
1.037923812866210938e+00
1.037846565246582031e+00
1.037938356399536133e+00
1.037937164306640625e+00
1.037893414497375488e+00
1.037719249725341797e+00
1.037610292434692383e+00
1.037454128265380859e+00
1.037356615066528320e+00
1.037325382232666016e+00
1.037375330924987793e+00
1.037473917007446289e+00
1.037678837776184082e+00
1.038001537322998047e+00
1.038362026214599609e+00
1.038621187210083008e+00
1.038879394531250000e+00
1.039011001586914062e+00
1.039238214492797852e+00
1.039396286010742188e+00
1.039396286010742188e+00
1.039396286010742188e+00
1.039396286010742188e+00
1.039396286010742188e+00
1.042250990867614746e+00
1.042250990867614746e+00
1.042250990867614746e+00
1.048779845237731934e+00
1.048779845237731934e+00
1.048779845237731934e+00
1.048779845237731934e+00
1.048779845237731934e+00
1.058251261711120605e+00
1.060750484466552734e+00
1.063889861106872559e+00
1.066182136535644531e+00
1.068810224533081055e+00
1.071614861488342285e+00
1.073542952537536621e+00
1.076215744018554688e+00
1.077010869979858398e+00
1.078492283821105957e+00
1.079162120819091797e+00
1.080734491348266602e+00
1.081379532814025879e+00
1.082216739654541016e+00
1.083202719688415527e+00
1.084431171417236328e+00
1.085209012031555176e+00
1.085949182510375977e+00
1.086384534835815430e+00
1.086458086967468262e+00
1.086728572845458984e+00
1.083715200424194336e+00
1.082713842391967773e+00
1.082067131996154785e+00
1.082760572433471680e+00
1.084300398826599121e+00
1.086413502693176270e+00
1.088012933731079102e+00
1.088611483573913574e+00
1.088662385940551758e+00
1.088662385940551758e+00
1.088662385940551758e+00
1.088662385940551758e+00
1.092937588691711426e+00
1.092937588691711426e+00
1.092937588691711426e+00
1.092937588691711426e+00
1.092937588691711426e+00
1.093678474426269531e+00
1.093678474426269531e+00
1.093678474426269531e+00
1.093678474426269531e+00
1.097249984741210938e+00
1.097921848297119141e+00
1.098654627799987793e+00
1.099639415740966797e+00
1.099976420402526855e+00
1.099605321884155273e+00
1.098422288894653320e+00
1.096920847892761230e+00
1.096043109893798828e+00
1.095778942108154297e+00
1.095269918441772461e+00
1.094904303550720215e+00
1.093833327293395996e+00
1.092745304107666016e+00
1.092168331146240234e+00
1.091932654380798340e+00
1.091058731079101562e+00
1.089997291564941406e+00
1.088073372840881348e+00
1.087165951728820801e+00
1.085306882858276367e+00
1.083670377731323242e+00
1.082002639770507812e+00
1.080810070037841797e+00
1.079363942146301270e+00
1.078420400619506836e+00
1.077246308326721191e+00
1.075747132301330566e+00
1.074511766433715820e+00
1.073230385780334473e+00
1.071604013442993164e+00
1.070526957511901855e+00
1.068741083145141602e+00
1.067213416099548340e+00
1.066036820411682129e+00
1.064810991287231445e+00
1.063448429107666016e+00
1.062726497650146484e+00
1.062726497650146484e+00
1.062726497650146484e+00
1.062726497650146484e+00
1.058725118637084961e+00
1.058725118637084961e+00
1.058725118637084961e+00
1.058725118637084961e+00
1.051000714302062988e+00
1.051000714302062988e+00
1.051000714302062988e+00
1.051000714302062988e+00
1.051000714302062988e+00
1.045194745063781738e+00
1.045194745063781738e+00
1.045194745063781738e+00
1.045194745063781738e+00
1.039426803588867188e+00
1.038886666297912598e+00
1.038311481475830078e+00
1.037077546119689941e+00
1.036641716957092285e+00
1.036641716957092285e+00
1.036641716957092285e+00
1.036641716957092285e+00
1.033575177192687988e+00
1.033575177192687988e+00
1.033575177192687988e+00
1.033575177192687988e+00
1.028918385505676270e+00
1.028918385505676270e+00
1.028918385505676270e+00
1.028918385505676270e+00
1.028918385505676270e+00
1.024081468582153320e+00
1.024081468582153320e+00
1.024081468582153320e+00
1.024081468582153320e+00
1.020181775093078613e+00
1.020181775093078613e+00
1.020181775093078613e+00
1.020181775093078613e+00
1.016455411911010742e+00
1.016104459762573242e+00
1.015183568000793457e+00
1.014493465423583984e+00
1.013686895370483398e+00
1.013146400451660156e+00
1.012157917022705078e+00
1.011504650115966797e+00
1.010566592216491699e+00
1.009311318397521973e+00
1.008011221885681152e+00
1.006837010383605957e+00
1.005848884582519531e+00
1.004736661911010742e+00
1.003574013710021973e+00
1.002726197242736816e+00
1.001830339431762695e+00
1.001441597938537598e+00
1.001563549041748047e+00
1.001662969589233398e+00
1.002333283424377441e+00
1.003061652183532715e+00
1.003032326698303223e+00
1.003213167190551758e+00
1.002609848976135254e+00
1.001938939094543457e+00
1.001938939094543457e+00
1.001938939094543457e+00
1.001938939094543457e+00
9.972565770149230957e-01
9.972565770149230957e-01
9.972565770149230957e-01
9.972565770149230957e-01
9.958137869834899902e-01
9.958137869834899902e-01
9.958137869834899902e-01
9.958137869834899902e-01
9.958137869834899902e-01
9.950961470603942871e-01
9.950961470603942871e-01
9.950961470603942871e-01
9.950961470603942871e-01
9.927073121070861816e-01
9.919581413269042969e-01
9.912934303283691406e-01
9.908714294433593750e-01
9.908714294433593750e-01
9.908714294433593750e-01
9.908714294433593750e-01
9.896916151046752930e-01
9.896916151046752930e-01
9.896916151046752930e-01
9.896916151046752930e-01
9.881731867790222168e-01
9.881731867790222168e-01
9.881731867790222168e-01
9.881731867790222168e-01
9.881731867790222168e-01
9.860217571258544922e-01
9.860217571258544922e-01
9.860217571258544922e-01
9.860217571258544922e-01
9.838559031486511230e-01
9.838559031486511230e-01
9.838559031486511230e-01
9.838559031486511230e-01
9.813817739486694336e-01
9.813817739486694336e-01
9.813817739486694336e-01
9.813817739486694336e-01
9.813817739486694336e-01
9.779372811317443848e-01
9.779372811317443848e-01
9.779372811317443848e-01
9.779372811317443848e-01
9.760336875915527344e-01
9.760336875915527344e-01
9.760336875915527344e-01
9.760336875915527344e-01
9.760336875915527344e-01
9.715614318847656250e-01
9.715614318847656250e-01
9.715614318847656250e-01
9.715614318847656250e-01
9.608150720596313477e-01
9.608150720596313477e-01
9.608150720596313477e-01
9.608150720596313477e-01
9.491361975669860840e-01
9.491361975669860840e-01
9.491361975669860840e-01
9.491361975669860840e-01
9.491361975669860840e-01
9.384461045265197754e-01
9.384461045265197754e-01
9.384461045265197754e-01
9.384461045265197754e-01
9.249960780143737793e-01
9.249960780143737793e-01
9.249960780143737793e-01
9.249960780143737793e-01
9.249960780143737793e-01
9.103468060493469238e-01
9.103468060493469238e-01
9.103468060493469238e-01
9.103468060493469238e-01
8.929450511932373047e-01
8.929450511932373047e-01
8.929450511932373047e-01
8.929450511932373047e-01
8.742421269416809082e-01
8.718959093093872070e-01
8.679785132408142090e-01
8.647791743278503418e-01
8.606694936752319336e-01
8.576357960700988770e-01
8.548188209533691406e-01
8.497722148895263672e-01
8.484537005424499512e-01
8.451052904129028320e-01
8.448595404624938965e-01
8.441655039787292480e-01
8.441655039787292480e-01
8.441655039787292480e-01
8.441655039787292480e-01
8.378512859344482422e-01
8.378512859344482422e-01
8.378512859344482422e-01
8.378512859344482422e-01
8.296006917953491211e-01
8.296006917953491211e-01
8.296006917953491211e-01
8.296006917953491211e-01
8.296006917953491211e-01
8.249771595001220703e-01
8.243739604949951172e-01
8.233100175857543945e-01
8.233100175857543945e-01
8.233100175857543945e-01
8.233100175857543945e-01
8.233100175857543945e-01
8.216648101806640625e-01
8.216648101806640625e-01
8.216648101806640625e-01
8.216648101806640625e-01
8.184140324592590332e-01
8.184140324592590332e-01
8.184140324592590332e-01
8.184140324592590332e-01
8.174954056739807129e-01
8.174954056739807129e-01
8.174954056739807129e-01
8.174954056739807129e-01
8.155417442321777344e-01
8.153129220008850098e-01
8.148069381713867188e-01
8.151403069496154785e-01
8.148381114006042480e-01
8.146858215332031250e-01
8.142982721328735352e-01
8.142982721328735352e-01
8.142982721328735352e-01
8.142982721328735352e-01
8.139089345932006836e-01
8.139089345932006836e-01
8.139089345932006836e-01
8.139089345932006836e-01
8.189159035682678223e-01
8.189159035682678223e-01
8.189159035682678223e-01
8.189159035682678223e-01
8.189159035682678223e-01
8.216518163681030273e-01
8.216518163681030273e-01
8.216518163681030273e-01
8.216518163681030273e-01
8.222422599792480469e-01
8.222422599792480469e-01
8.222422599792480469e-01
8.222422599792480469e-01
8.222422599792480469e-01
8.233647346496582031e-01
8.227624893188476562e-01
8.221532702445983887e-01
8.218584060668945312e-01
8.217809200286865234e-01
8.217809200286865234e-01
8.217809200286865234e-01
8.217809200286865234e-01
8.190907835960388184e-01
8.190907835960388184e-01
8.190907835960388184e-01
8.190907835960388184e-01
8.180778622627258301e-01
8.180778622627258301e-01
8.180778622627258301e-01
8.180778622627258301e-01
8.180778622627258301e-01
8.172543644905090332e-01
8.172543644905090332e-01
8.172543644905090332e-01
8.172543644905090332e-01
8.169283270835876465e-01
8.173747062683105469e-01
8.179888725280761719e-01
8.186551928520202637e-01
8.191918730735778809e-01
8.191918730735778809e-01
8.191918730735778809e-01
8.191918730735778809e-01
8.226481676101684570e-01
8.226481676101684570e-01
8.226481676101684570e-01
8.226481676101684570e-01
8.226481676101684570e-01
8.293514251708984375e-01
8.293514251708984375e-01
8.293514251708984375e-01
8.293514251708984375e-01
8.387557864189147949e-01
8.408314585685729980e-01
8.429684638977050781e-01
8.442462086677551270e-01
8.456500768661499023e-01
8.482744693756103516e-01
8.491595387458801270e-01
8.508092761039733887e-01
8.531990647315979004e-01
8.546653389930725098e-01
8.563457727432250977e-01
8.563457727432250977e-01
8.563457727432250977e-01
8.563457727432250977e-01
8.661182522773742676e-01
8.661182522773742676e-01
8.661182522773742676e-01
8.661182522773742676e-01
8.760919570922851562e-01
8.760919570922851562e-01
8.760919570922851562e-01
8.760919570922851562e-01
8.864813446998596191e-01
8.864813446998596191e-01
8.864813446998596191e-01
8.864813446998596191e-01
8.864813446998596191e-01
8.927003145217895508e-01
8.946517705917358398e-01
8.964838981628417969e-01
8.976610898971557617e-01
8.976610898971557617e-01
8.976610898971557617e-01
8.976610898971557617e-01
9.069309830665588379e-01
9.069309830665588379e-01
9.069309830665588379e-01
9.069309830665588379e-01
9.164585471153259277e-01
9.164585471153259277e-01
9.164585471153259277e-01
9.164585471153259277e-01
9.248250722885131836e-01
9.248250722885131836e-01
9.248250722885131836e-01
9.248250722885131836e-01
9.248250722885131836e-01
9.325186014175415039e-01
9.325186014175415039e-01
9.325186014175415039e-01
9.325186014175415039e-01
9.325186014175415039e-01
9.403144717216491699e-01
9.403144717216491699e-01
9.403144717216491699e-01
9.403144717216491699e-01
9.482063651084899902e-01
9.482063651084899902e-01
9.482063651084899902e-01
9.482063651084899902e-01
9.541991949081420898e-01
9.541991949081420898e-01
9.541991949081420898e-01
9.541991949081420898e-01
9.541991949081420898e-01
9.590913653373718262e-01
9.590913653373718262e-01
9.590913653373718262e-01
9.590913653373718262e-01
9.658309817314147949e-01
9.664483070373535156e-01
9.677900671958923340e-01
9.689432382583618164e-01
9.700960516929626465e-01
9.710775017738342285e-01
9.721583127975463867e-01
9.728678464889526367e-01
9.733999967575073242e-01
9.736806154251098633e-01
9.742955565452575684e-01
9.744644165039062500e-01
9.744644165039062500e-01
9.744644165039062500e-01
9.744644165039062500e-01
9.780163168907165527e-01
9.780163168907165527e-01
9.780163168907165527e-01
9.780163168907165527e-01
9.808570146560668945e-01
9.808570146560668945e-01
9.808570146560668945e-01
9.808570146560668945e-01
9.808570146560668945e-01
9.842109084129333496e-01
9.842109084129333496e-01
9.842109084129333496e-01
9.842109084129333496e-01
9.842109084129333496e-01
9.842109084129333496e-01
9.878674149513244629e-01
9.882085919380187988e-01
9.894530177116394043e-01
9.899585843086242676e-01
9.899585843086242676e-01
9.899585843086242676e-01
9.899585843086242676e-01
9.927096962928771973e-01
9.927096962928771973e-01
9.927096962928771973e-01
9.927096962928771973e-01
9.965929985046386719e-01
9.965929985046386719e-01
9.965929985046386719e-01
9.965929985046386719e-01
9.965929985046386719e-01
9.983685612678527832e-01
9.988078474998474121e-01
9.989250302314758301e-01
9.989250302314758301e-01
9.989250302314758301e-01
9.989250302314758301e-01
1.000753998756408691e+00
1.000753998756408691e+00
1.000753998756408691e+00
1.000753998756408691e+00
1.004025340080261230e+00
1.004025340080261230e+00
1.004025340080261230e+00
1.004025340080261230e+00
1.004025340080261230e+00
1.005967736244201660e+00
1.005967736244201660e+00
1.005967736244201660e+00
1.005967736244201660e+00
1.008756637573242188e+00
1.009270310401916504e+00
1.010076284408569336e+00
1.010517120361328125e+00
1.010970473289489746e+00
1.011258363723754883e+00
1.011459589004516602e+00
1.011459589004516602e+00
1.011459589004516602e+00
1.011459589004516602e+00
1.012301087379455566e+00
1.012301087379455566e+00
1.012301087379455566e+00
1.012301087379455566e+00
1.012301087379455566e+00
1.014932274818420410e+00
1.014932274818420410e+00
1.014932274818420410e+00
1.014932274818420410e+00
1.017736077308654785e+00
1.017736077308654785e+00
1.017736077308654785e+00
1.017736077308654785e+00
1.019604325294494629e+00
1.019604325294494629e+00
1.019604325294494629e+00
1.019604325294494629e+00
1.021018624305725098e+00
1.021253466606140137e+00
1.021614909172058105e+00
1.021796822547912598e+00
1.021796822547912598e+00
1.021796822547912598e+00
1.021796822547912598e+00
1.023101449012756348e+00
1.023101449012756348e+00
1.023101449012756348e+00
1.023101449012756348e+00
1.023101449012756348e+00
1.025130510330200195e+00
1.025130510330200195e+00
1.025130510330200195e+00
1.025130510330200195e+00
1.026506423950195312e+00
1.026613593101501465e+00
1.026690483093261719e+00
1.026690483093261719e+00
1.026690483093261719e+00
1.026690483093261719e+00
1.027775645256042480e+00
1.027775645256042480e+00
1.027775645256042480e+00
1.027775645256042480e+00
1.027922034263610840e+00
1.027922034263610840e+00
1.027922034263610840e+00
1.027922034263610840e+00
1.027922034263610840e+00
1.027624726295471191e+00
1.027624726295471191e+00
1.027624726295471191e+00
1.027624726295471191e+00
1.027624726295471191e+00
1.027673721313476562e+00
1.027608394622802734e+00
1.027643322944641113e+00
1.027552366256713867e+00
1.027439832687377930e+00
1.027439832687377930e+00
1.027439832687377930e+00
1.027439832687377930e+00
1.026382207870483398e+00
1.026382207870483398e+00
1.026382207870483398e+00
1.026382207870483398e+00
1.024855494499206543e+00
1.024855494499206543e+00
1.024855494499206543e+00
1.024855494499206543e+00
1.024855494499206543e+00
1.023192644119262695e+00
1.023192644119262695e+00
1.023192644119262695e+00
1.023192644119262695e+00
1.023192644119262695e+00
1.023192644119262695e+00
1.022700786590576172e+00
1.022896289825439453e+00
1.022986173629760742e+00
1.022986173629760742e+00
1.022986173629760742e+00
1.022986173629760742e+00
1.022545456886291504e+00
1.022545456886291504e+00
1.022545456886291504e+00
1.022545456886291504e+00
1.021882772445678711e+00
1.021882772445678711e+00
1.021882772445678711e+00
1.021882772445678711e+00
1.021882772445678711e+00
1.022096872329711914e+00
1.022397398948669434e+00
1.022562623023986816e+00
1.022814273834228516e+00
1.022912144660949707e+00
1.022992491722106934e+00
1.022945523262023926e+00
1.022924184799194336e+00
1.022970557212829590e+00
1.023133158683776855e+00
1.023381829261779785e+00
1.023597002029418945e+00
1.024059534072875977e+00
1.024146795272827148e+00
1.024146795272827148e+00
1.024146795272827148e+00
1.024146795272827148e+00
1.026020050048828125e+00
1.026020050048828125e+00
1.026020050048828125e+00
1.026020050048828125e+00
1.026020050048828125e+00
1.029442787170410156e+00
1.030198454856872559e+00
1.030832171440124512e+00
1.031563639640808105e+00
1.032109260559082031e+00
1.032428860664367676e+00
1.032604336738586426e+00
1.033086538314819336e+00
1.033274054527282715e+00
1.033403396606445312e+00
1.033754348754882812e+00
1.033912658691406250e+00
1.033912658691406250e+00
1.033912658691406250e+00
1.033912658691406250e+00
1.035625696182250977e+00
1.035625696182250977e+00
1.035625696182250977e+00
1.035625696182250977e+00
1.035625696182250977e+00
1.038849592208862305e+00
1.038849592208862305e+00
1.038849592208862305e+00
1.038849592208862305e+00
1.041483521461486816e+00
1.041879773139953613e+00
1.042255401611328125e+00
1.042255401611328125e+00
1.042255401611328125e+00
1.042255401611328125e+00
1.044010639190673828e+00
1.044010639190673828e+00
1.044010639190673828e+00
1.044010639190673828e+00
1.044010639190673828e+00
1.044879317283630371e+00
1.044941663742065430e+00
1.045191168785095215e+00
1.045254826545715332e+00
1.045536637306213379e+00
1.045593500137329102e+00
1.045593500137329102e+00
1.045593500137329102e+00
1.045593500137329102e+00
1.045139431953430176e+00
1.045139431953430176e+00
1.045139431953430176e+00
1.045139431953430176e+00
1.045373439788818359e+00
1.045373439788818359e+00
1.045373439788818359e+00
1.045373439788818359e+00
1.045373439788818359e+00
1.045546412467956543e+00
1.045546412467956543e+00
1.045546412467956543e+00
1.045546412467956543e+00
1.045547962188720703e+00
1.045476794242858887e+00
1.045476794242858887e+00
1.045476794242858887e+00
1.045476794242858887e+00
1.044842839241027832e+00
1.044842839241027832e+00
1.044842839241027832e+00
1.044842839241027832e+00
1.043370485305786133e+00
1.043370485305786133e+00
1.043370485305786133e+00
1.043370485305786133e+00
1.043370485305786133e+00
1.042682528495788574e+00
1.042478322982788086e+00
1.042092084884643555e+00
1.041795372962951660e+00
1.041491150856018066e+00
1.040904760360717773e+00
1.040325284004211426e+00
1.039616465568542480e+00
1.038828730583190918e+00
1.038364291191101074e+00
1.037867426872253418e+00
1.037465095520019531e+00
1.036998987197875977e+00
1.036427378654479980e+00
1.035927057266235352e+00
1.035610914230346680e+00
1.035350918769836426e+00
1.035354018211364746e+00
1.035354018211364746e+00
1.035354018211364746e+00
1.035354018211364746e+00
1.034838080406188965e+00
1.034838080406188965e+00
1.034838080406188965e+00
1.034838080406188965e+00
1.033578872680664062e+00
1.033578872680664062e+00
1.033578872680664062e+00
1.033578872680664062e+00
1.033578872680664062e+00
1.031767249107360840e+00
1.031424760818481445e+00
1.031231641769409180e+00
1.031325697898864746e+00
1.031325697898864746e+00
1.031325697898864746e+00
1.031325697898864746e+00
1.031644821166992188e+00
1.031644821166992188e+00
1.031644821166992188e+00
1.031644821166992188e+00
1.032562494277954102e+00
1.032562494277954102e+00
1.032562494277954102e+00
1.032562494277954102e+00
1.032562494277954102e+00
1.032937526702880859e+00
1.033273100852966309e+00
1.033586978912353516e+00
1.033739089965820312e+00
1.033939838409423828e+00
1.033689260482788086e+00
1.033662557601928711e+00
1.033614516258239746e+00
1.034085392951965332e+00
1.034185528755187988e+00
1.034732818603515625e+00
1.035202622413635254e+00
1.036152005195617676e+00
1.036131143569946289e+00
1.036377429962158203e+00
1.036377429962158203e+00
1.036377429962158203e+00
1.036377429962158203e+00
1.036683201789855957e+00
1.036683201789855957e+00
1.036683201789855957e+00
1.036683201789855957e+00
1.036683201789855957e+00
1.034102439880371094e+00
1.034102439880371094e+00
1.034102439880371094e+00
1.034102439880371094e+00
1.032390832901000977e+00
1.032390832901000977e+00
1.032390832901000977e+00
1.032390832901000977e+00
1.032390832901000977e+00
1.032390832901000977e+00
1.029910802841186523e+00
1.030203104019165039e+00
1.029077172279357910e+00
1.027887701988220215e+00
1.027105689048767090e+00
1.026487112045288086e+00
1.025761485099792480e+00
1.025362730026245117e+00
1.025229215621948242e+00
1.025022864341735840e+00
1.025141239166259766e+00
1.025289773941040039e+00
1.025581836700439453e+00
1.025724768638610840e+00
1.026316165924072266e+00
1.027306914329528809e+00
1.027845025062561035e+00
1.028252363204956055e+00
1.028852701187133789e+00
1.029531836509704590e+00
1.029918909072875977e+00
1.030413031578063965e+00
1.031090021133422852e+00
1.031238198280334473e+00
1.031525969505310059e+00
1.031538963317871094e+00
1.031391024589538574e+00
1.031423687934875488e+00
1.031423687934875488e+00
1.031423687934875488e+00
1.031423687934875488e+00
1.032688260078430176e+00
1.032688260078430176e+00
1.032688260078430176e+00
1.032688260078430176e+00
1.032688260078430176e+00
1.036878943443298340e+00
1.036878943443298340e+00
1.036878943443298340e+00
1.036878943443298340e+00
1.040549516677856445e+00
1.040767431259155273e+00
1.041454792022705078e+00
1.041713595390319824e+00
1.041855692863464355e+00
1.040361046791076660e+00
1.039597272872924805e+00
1.038792967796325684e+00
1.038260459899902344e+00
1.038260459899902344e+00
1.038260459899902344e+00
1.038260459899902344e+00
1.035924196243286133e+00
1.035924196243286133e+00
1.035924196243286133e+00
1.035924196243286133e+00
1.035536885261535645e+00
1.035536885261535645e+00
1.035536885261535645e+00
1.035536885261535645e+00
1.035536885261535645e+00
1.038608670234680176e+00
1.038608670234680176e+00
1.038608670234680176e+00
1.038608670234680176e+00
1.038608670234680176e+00
1.039769172668457031e+00
1.039931535720825195e+00
1.039825201034545898e+00
1.039754867553710938e+00
1.039977312088012695e+00
1.040547370910644531e+00
1.040838479995727539e+00
1.041406869888305664e+00
1.042126178741455078e+00
1.042490124702453613e+00
1.043018102645874023e+00
1.043568372726440430e+00
1.043830394744873047e+00
1.043830394744873047e+00
1.043830394744873047e+00
1.043830394744873047e+00
1.043830394744873047e+00
1.044512033462524414e+00
1.044512033462524414e+00
1.044512033462524414e+00
1.044251561164855957e+00
1.044251561164855957e+00
1.044251561164855957e+00
1.044251561164855957e+00
1.044251561164855957e+00
1.045559644699096680e+00
1.045559644699096680e+00
1.045559644699096680e+00
1.045559644699096680e+00
1.045559644699096680e+00
1.038468956947326660e+00
1.037241935729980469e+00
1.035604000091552734e+00
1.034921407699584961e+00
1.034921407699584961e+00
1.034921407699584961e+00
1.034921407699584961e+00
1.032113194465637207e+00
1.032113194465637207e+00
1.032113194465637207e+00
1.032113194465637207e+00
1.032113194465637207e+00
1.033417224884033203e+00
1.033417224884033203e+00
1.033417224884033203e+00
1.033417224884033203e+00
1.031679749488830566e+00
1.031679749488830566e+00
1.031679749488830566e+00
1.031679749488830566e+00
1.031679749488830566e+00
1.034201979637145996e+00
1.034201979637145996e+00
1.034201979637145996e+00
1.034201979637145996e+00
1.034201979637145996e+00
1.039923191070556641e+00
1.039619207382202148e+00
1.039330363273620605e+00
1.038995862007141113e+00
1.038995862007141113e+00
1.038995862007141113e+00
1.038995862007141113e+00
1.035143017768859863e+00
1.035143017768859863e+00
1.035143017768859863e+00
1.035143017768859863e+00
1.035143017768859863e+00
1.051773071289062500e+00
1.051773071289062500e+00
1.051773071289062500e+00
1.051773071289062500e+00
1.051773071289062500e+00
1.066621780395507812e+00
1.066579818725585938e+00
1.066365242004394531e+00
1.065464735031127930e+00
1.064373850822448730e+00
1.063047051429748535e+00
1.061013221740722656e+00
1.060640335083007812e+00
1.060640335083007812e+00
1.060640335083007812e+00
1.060640335083007812e+00
1.060640335083007812e+00
1.069609403610229492e+00
1.069609403610229492e+00
1.069609403610229492e+00
1.069609403610229492e+00
1.079790592193603516e+00
1.079686522483825684e+00
1.078949570655822754e+00
1.078027725219726562e+00
1.076573729515075684e+00
1.078674912452697754e+00
1.087658405303955078e+00
1.093243479728698730e+00
1.097391724586486816e+00
1.100067377090454102e+00
1.100373864173889160e+00
1.099169611930847168e+00
1.098418116569519043e+00
1.098060011863708496e+00
1.097499728202819824e+00
1.096444606781005859e+00
1.095873117446899414e+00
1.094707965850830078e+00
1.093768000602722168e+00
1.093361973762512207e+00
1.093458533287048340e+00
1.093165874481201172e+00
1.097958087921142578e+00
1.103686094284057617e+00
1.109820604324340820e+00
1.111426830291748047e+00
1.112325906753540039e+00
1.111216783523559570e+00
1.108519792556762695e+00
1.106349349021911621e+00
1.105418562889099121e+00
1.104710221290588379e+00
1.103325486183166504e+00
1.101600170135498047e+00
1.100296139717102051e+00
1.105955958366394043e+00
1.114615678787231445e+00
1.123944282531738281e+00
1.130403876304626465e+00
1.134051203727722168e+00
1.138743638992309570e+00
1.140739917755126953e+00
1.143201708793640137e+00
1.146273732185363770e+00
1.150345325469970703e+00
1.151759147644042969e+00
1.152146816253662109e+00
1.152069926261901855e+00
1.152073740959167480e+00
1.152289748191833496e+00
1.152443647384643555e+00
1.152443647384643555e+00
1.152443647384643555e+00
1.152443647384643555e+00
1.151332855224609375e+00
1.151332855224609375e+00
1.151332855224609375e+00
1.151332855224609375e+00
1.146164774894714355e+00
1.145544052124023438e+00
1.144483685493469238e+00
1.143411159515380859e+00
1.142348051071166992e+00
1.141093254089355469e+00
1.139490246772766113e+00
1.138159036636352539e+00
1.136677145957946777e+00
1.135165214538574219e+00
1.133318543434143066e+00
1.131728649139404297e+00
1.130351185798645020e+00
1.129563450813293457e+00
1.127725958824157715e+00
1.124585628509521484e+00
1.123160719871520996e+00
1.121263265609741211e+00
1.119044542312622070e+00
1.117351770401000977e+00
1.115928888320922852e+00
1.114877820014953613e+00
1.113517880439758301e+00
1.112089037895202637e+00
1.110673189163208008e+00
1.109934210777282715e+00
1.109493494033813477e+00
1.109287977218627930e+00
1.109287977218627930e+00
1.109287977218627930e+00
1.109287977218627930e+00
1.107809185981750488e+00
1.107809185981750488e+00
1.107809185981750488e+00
1.107809185981750488e+00
1.108143687248229980e+00
1.108143687248229980e+00
1.108143687248229980e+00
1.108143687248229980e+00
1.108143687248229980e+00
1.110012531280517578e+00
1.110012531280517578e+00
1.110012531280517578e+00
1.110012531280517578e+00
1.112170457839965820e+00
1.112170457839965820e+00
1.112170457839965820e+00
1.112170457839965820e+00
1.112170457839965820e+00
1.114350199699401855e+00
1.114549636840820312e+00
1.114676356315612793e+00
1.114676356315612793e+00
1.114676356315612793e+00
1.114676356315612793e+00
1.115342020988464355e+00
1.115342020988464355e+00
1.115342020988464355e+00
1.115342020988464355e+00
1.115342020988464355e+00
1.102380752563476562e+00
1.102380752563476562e+00
1.102380752563476562e+00
1.102380752563476562e+00
1.082290768623352051e+00
1.082290768623352051e+00
1.082290768623352051e+00
1.082290768623352051e+00
1.086809277534484863e+00
1.086809277534484863e+00
1.086809277534484863e+00
1.086809277534484863e+00
1.091806888580322266e+00
1.092536568641662598e+00
1.092717647552490234e+00
1.088296890258789062e+00
1.082780480384826660e+00
1.078928232192993164e+00
1.076630473136901855e+00
1.076605677604675293e+00
1.077675104141235352e+00
1.078558206558227539e+00
1.078558206558227539e+00
1.078558206558227539e+00
1.078558206558227539e+00
1.077684402465820312e+00
1.077684402465820312e+00
1.077684402465820312e+00
1.077684402465820312e+00
1.077684402465820312e+00
1.070333123207092285e+00
1.070333123207092285e+00
1.070333123207092285e+00
1.070333123207092285e+00
1.069991588592529297e+00
1.070165157318115234e+00
1.072285771369934082e+00
1.073547840118408203e+00
1.073547840118408203e+00
1.073547840118408203e+00
1.073547840118408203e+00
1.072364568710327148e+00
1.072364568710327148e+00
1.072364568710327148e+00
1.072364568710327148e+00
1.072364568710327148e+00
1.068665027618408203e+00
1.068665027618408203e+00
1.068665027618408203e+00
1.068665027618408203e+00
1.068665027618408203e+00
1.069519281387329102e+00
1.070766806602478027e+00
1.072211623191833496e+00
1.072364687919616699e+00
1.072233915328979492e+00
1.072139620780944824e+00
1.072139620780944824e+00
1.072139620780944824e+00
1.072139620780944824e+00
1.071060895919799805e+00
1.071060895919799805e+00
1.071060895919799805e+00
1.071060895919799805e+00
1.050816774368286133e+00
1.050816774368286133e+00
1.050816774368286133e+00
1.050816774368286133e+00
1.051260828971862793e+00
1.051260828971862793e+00
1.051260828971862793e+00
1.051260828971862793e+00
1.051260828971862793e+00
1.053775191307067871e+00
1.053710937500000000e+00
1.053714632987976074e+00
1.053876638412475586e+00
1.054037094116210938e+00
1.054343581199645996e+00
1.054618000984191895e+00
1.055161237716674805e+00
1.055494427680969238e+00
1.056120395660400391e+00
1.056182146072387695e+00
1.056037187576293945e+00
1.055888652801513672e+00
1.055509090423583984e+00
1.052231788635253906e+00
1.051481246948242188e+00
1.051481246948242188e+00
1.051481246948242188e+00
1.051481246948242188e+00
1.048873424530029297e+00
1.048873424530029297e+00
1.048873424530029297e+00
1.048873424530029297e+00
1.048708558082580566e+00
1.048708558082580566e+00
1.048708558082580566e+00
1.048708558082580566e+00
1.048554420471191406e+00
1.048589706420898438e+00
1.048709630966186523e+00
1.048751473426818848e+00
1.048777699470520020e+00
1.048777699470520020e+00
1.048777699470520020e+00
1.048777699470520020e+00
1.049391865730285645e+00
1.049391865730285645e+00
1.049391865730285645e+00
1.049391865730285645e+00
1.049565553665161133e+00
1.049565553665161133e+00
1.049565553665161133e+00
1.049565553665161133e+00
1.049696087837219238e+00
1.049696087837219238e+00
1.049696087837219238e+00
1.049696087837219238e+00
1.049696087837219238e+00
1.045878648757934570e+00
1.046289086341857910e+00
1.046436786651611328e+00
1.046349287033081055e+00
1.046344041824340820e+00
1.045779585838317871e+00
1.044895172119140625e+00
1.044268727302551270e+00
1.044268727302551270e+00
1.044268727302551270e+00
1.044268727302551270e+00
1.044430494308471680e+00
1.044430494308471680e+00
1.044430494308471680e+00
1.044430494308471680e+00
1.046157956123352051e+00
1.046157956123352051e+00
1.046157956123352051e+00
1.046157956123352051e+00
1.049196720123291016e+00
1.049196720123291016e+00
1.049196720123291016e+00
1.049196720123291016e+00
1.049196720123291016e+00
1.052118420600891113e+00
1.052118420600891113e+00
1.052118420600891113e+00
1.052118420600891113e+00
1.056184411048889160e+00
1.056184411048889160e+00
1.056184411048889160e+00
1.056184411048889160e+00
1.056184411048889160e+00
1.060008883476257324e+00
1.060008883476257324e+00
1.060008883476257324e+00
1.060008883476257324e+00
1.063888669013977051e+00
1.064437270164489746e+00
1.065085172653198242e+00
1.065636873245239258e+00
1.065970778465270996e+00
1.066252708435058594e+00
1.066662430763244629e+00
1.066823840141296387e+00
1.066094517707824707e+00
1.065023660659790039e+00
1.064293980598449707e+00
1.063844919204711914e+00
1.063184261322021484e+00
1.062632799148559570e+00
1.062344074249267578e+00
1.062252044677734375e+00
1.062231302261352539e+00
1.062034845352172852e+00
1.061617136001586914e+00
1.061512470245361328e+00
1.061429023742675781e+00
1.061112642288208008e+00
1.060583353042602539e+00
1.060268640518188477e+00
1.059800267219543457e+00
1.059269309043884277e+00
1.058969497680664062e+00
1.058422088623046875e+00
1.058012962341308594e+00
1.057887196540832520e+00
1.057887196540832520e+00
1.057887196540832520e+00
1.057887196540832520e+00
1.056378960609436035e+00
1.056378960609436035e+00
1.056378960609436035e+00
1.056378960609436035e+00
1.056378960609436035e+00
1.055460333824157715e+00
1.055460333824157715e+00
1.055460333824157715e+00
1.055460333824157715e+00
1.052898526191711426e+00
1.052898526191711426e+00
1.052898526191711426e+00
1.052898526191711426e+00
1.052898526191711426e+00
1.049521923065185547e+00
1.049521923065185547e+00
1.049521923065185547e+00
1.049521923065185547e+00
1.049521923065185547e+00
1.047239899635314941e+00
1.046767950057983398e+00
1.046458005905151367e+00
1.046174883842468262e+00
1.046003937721252441e+00
1.046003937721252441e+00
1.046003937721252441e+00
1.046003937721252441e+00
1.043537616729736328e+00
1.043537616729736328e+00
1.043537616729736328e+00
1.043537616729736328e+00
1.043537616729736328e+00
1.040343761444091797e+00
1.040343761444091797e+00
1.040343761444091797e+00
1.040343761444091797e+00
1.040343761444091797e+00
1.040348291397094727e+00
1.040334582328796387e+00
1.040307998657226562e+00
1.040307998657226562e+00
1.040307998657226562e+00
1.040307998657226562e+00
1.040559530258178711e+00
1.040559530258178711e+00
1.040559530258178711e+00
1.040559530258178711e+00
1.041671395301818848e+00
1.041671395301818848e+00
1.041671395301818848e+00
1.041671395301818848e+00
1.041671395301818848e+00
1.043770074844360352e+00
1.043770074844360352e+00
1.043770074844360352e+00
1.043770074844360352e+00
1.047759294509887695e+00
1.048726320266723633e+00
1.050107717514038086e+00
1.051389455795288086e+00
1.052878499031066895e+00
1.054592132568359375e+00
1.055787324905395508e+00
1.057781577110290527e+00
1.058111906051635742e+00
1.059611916542053223e+00
1.060324072837829590e+00
1.061573028564453125e+00
1.062527060508728027e+00
1.064050316810607910e+00
1.065583229064941406e+00
1.067298650741577148e+00
1.068691611289978027e+00
1.068691611289978027e+00
1.068691611289978027e+00
1.068691611289978027e+00
1.076010107994079590e+00
1.076010107994079590e+00
1.076010107994079590e+00
1.076010107994079590e+00
1.076010107994079590e+00
1.086337327957153320e+00
1.086337327957153320e+00
1.086337327957153320e+00
1.086337327957153320e+00
1.090715646743774414e+00
1.090715646743774414e+00
1.090715646743774414e+00
1.090715646743774414e+00
1.090715646743774414e+00
1.103163003921508789e+00
1.106616616249084473e+00
1.112534165382385254e+00
1.116935014724731445e+00
1.119234561920166016e+00
1.120122432708740234e+00
1.119987964630126953e+00
1.120332360267639160e+00
1.120332360267639160e+00
1.120332360267639160e+00
1.120332360267639160e+00
1.119770646095275879e+00
1.119770646095275879e+00
1.119770646095275879e+00
1.119770646095275879e+00
1.119770646095275879e+00
1.120643615722656250e+00
1.120643615722656250e+00
1.120643615722656250e+00
1.120643615722656250e+00
1.123952150344848633e+00
1.123952150344848633e+00
1.123952150344848633e+00
1.123952150344848633e+00
1.117858171463012695e+00
1.117285728454589844e+00
1.116729855537414551e+00
1.116345643997192383e+00
1.116345643997192383e+00
1.116345643997192383e+00
1.116345643997192383e+00
1.114270448684692383e+00
1.114270448684692383e+00
1.114270448684692383e+00
1.114270448684692383e+00
1.114270448684692383e+00
1.103300929069519043e+00
1.103300929069519043e+00
1.103300929069519043e+00
1.103300929069519043e+00
1.103300929069519043e+00
1.092752933502197266e+00
1.092752933502197266e+00
1.092752933502197266e+00
1.092752933502197266e+00
1.089542627334594727e+00
1.089542627334594727e+00
1.089542627334594727e+00
1.089542627334594727e+00
1.089542627334594727e+00
1.073471307754516602e+00
1.071297526359558105e+00
1.068857550621032715e+00
1.068055272102355957e+00
1.067816853523254395e+00
1.068360924720764160e+00
1.069011807441711426e+00
1.068947315216064453e+00
1.067572593688964844e+00
1.065349221229553223e+00
1.062384605407714844e+00
1.060927033424377441e+00
1.060927033424377441e+00
1.060927033424377441e+00
1.060927033424377441e+00
1.057319402694702148e+00
1.057319402694702148e+00
1.057319402694702148e+00
1.057319402694702148e+00
1.051445007324218750e+00
1.051445007324218750e+00
1.051445007324218750e+00
1.051445007324218750e+00
1.051445007324218750e+00
1.044790029525756836e+00
1.044790029525756836e+00
1.044790029525756836e+00
1.044790029525756836e+00
1.037768959999084473e+00
1.037768959999084473e+00
1.037768959999084473e+00
1.037768959999084473e+00
1.037768959999084473e+00
1.034538865089416504e+00
1.033769130706787109e+00
1.032762169837951660e+00
1.032762169837951660e+00
1.032762169837951660e+00
1.032762169837951660e+00
1.028507232666015625e+00
1.028507232666015625e+00
1.028507232666015625e+00
1.028507232666015625e+00
1.024737596511840820e+00
1.024737596511840820e+00
1.024737596511840820e+00
1.024737596511840820e+00
1.024737596511840820e+00
1.020660400390625000e+00
1.019941806793212891e+00
1.019119739532470703e+00
1.018135786056518555e+00
1.017615556716918945e+00
1.016863584518432617e+00
1.015744209289550781e+00
1.015744209289550781e+00
1.015744209289550781e+00
1.015744209289550781e+00
1.010288596153259277e+00
1.010288596153259277e+00
1.010288596153259277e+00
1.010288596153259277e+00
1.005384564399719238e+00
1.005384564399719238e+00
1.005384564399719238e+00
1.005384564399719238e+00
1.005384564399719238e+00
1.003838539123535156e+00
1.003838539123535156e+00
1.003838539123535156e+00
1.003838539123535156e+00
1.003838539123535156e+00
1.001922726631164551e+00
1.001922726631164551e+00
1.001922726631164551e+00
1.001922726631164551e+00
9.976949691772460938e-01
9.972311854362487793e-01
9.967831373214721680e-01
9.966263175010681152e-01
9.966716766357421875e-01
9.969115853309631348e-01
9.971569776535034180e-01
9.971776008605957031e-01
9.972195625305175781e-01
9.972195625305175781e-01
9.972195625305175781e-01
9.972195625305175781e-01
9.952011108398437500e-01
9.952011108398437500e-01
9.952011108398437500e-01
9.952011108398437500e-01
9.952011108398437500e-01
9.915367960929870605e-01
9.915367960929870605e-01
9.915367960929870605e-01
9.915367960929870605e-01
9.907683730125427246e-01
9.907683730125427246e-01
9.907683730125427246e-01
9.907683730125427246e-01
9.884402751922607422e-01
9.884402751922607422e-01
9.884402751922607422e-01
9.884402751922607422e-01
9.884402751922607422e-01
9.860126376152038574e-01
9.860126376152038574e-01
9.860126376152038574e-01
9.860126376152038574e-01
9.838206171989440918e-01
9.838206171989440918e-01
9.838206171989440918e-01
9.838206171989440918e-01
9.838206171989440918e-01
9.811282753944396973e-01
9.811282753944396973e-01
9.811282753944396973e-01
9.811282753944396973e-01
9.770608544349670410e-01
9.770608544349670410e-01
9.770608544349670410e-01
9.770608544349670410e-01
9.742277264595031738e-01
9.723803997039794922e-01
9.717853069305419922e-01
9.697946906089782715e-01
9.680537581443786621e-01
9.647552967071533203e-01
9.626066088676452637e-01
9.600059986114501953e-01
9.583739638328552246e-01
9.565835595130920410e-01
9.551146626472473145e-01
9.537603259086608887e-01
9.522054791450500488e-01
9.505641460418701172e-01
9.484317898750305176e-01
9.470972418785095215e-01
9.449310898780822754e-01
9.424415230751037598e-01
9.413657784461975098e-01
9.387059211730957031e-01
9.369394183158874512e-01
9.369394183158874512e-01
9.369394183158874512e-01
9.369394183158874512e-01
9.274148941040039062e-01
9.274148941040039062e-01
9.274148941040039062e-01
9.274148941040039062e-01
9.116703271865844727e-01
9.116703271865844727e-01
9.116703271865844727e-01
9.116703271865844727e-01
8.940944075584411621e-01
8.914840817451477051e-01
8.881387710571289062e-01
8.861788511276245117e-01
8.861788511276245117e-01
8.861788511276245117e-01
8.861788511276245117e-01
8.720089197158813477e-01
8.720089197158813477e-01
8.720089197158813477e-01
8.720089197158813477e-01
8.523246049880981445e-01
8.523246049880981445e-01
8.523246049880981445e-01
8.523246049880981445e-01
8.523246049880981445e-01
8.379251956939697266e-01
8.379251956939697266e-01
8.379251956939697266e-01
8.379251956939697266e-01
8.379251956939697266e-01
8.379251956939697266e-01
8.294936418533325195e-01
8.280079960823059082e-01
8.259482979774475098e-01
8.250571489334106445e-01
8.244010210037231445e-01
8.244010210037231445e-01
8.244010210037231445e-01
8.244010210037231445e-01
8.244010210037231445e-01
8.211923837661743164e-01
8.211923837661743164e-01
8.211923837661743164e-01
8.211923837661743164e-01
8.184186220169067383e-01
8.184186220169067383e-01
8.184186220169067383e-01
8.184186220169067383e-01
8.187696933746337891e-01
8.181866407394409180e-01
8.180871009826660156e-01
8.182250261306762695e-01
8.182250261306762695e-01
8.182250261306762695e-01
8.182250261306762695e-01
8.182250261306762695e-01
8.181904554367065430e-01
8.181904554367065430e-01
8.181904554367065430e-01
8.181904554367065430e-01
8.137717247009277344e-01
8.137717247009277344e-01
8.137717247009277344e-01
8.137717247009277344e-01
8.119605779647827148e-01
8.119605779647827148e-01
8.119605779647827148e-01
8.119605779647827148e-01
8.167043924331665039e-01
8.167043924331665039e-01
8.167043924331665039e-01
8.167043924331665039e-01
8.167043924331665039e-01
8.155965805053710938e-01
8.155965805053710938e-01
8.155965805053710938e-01
8.155965805053710938e-01
8.187198638916015625e-01
8.187198638916015625e-01
8.187198638916015625e-01
8.187198638916015625e-01
8.187198638916015625e-01
8.219282031059265137e-01
8.219282031059265137e-01
8.219282031059265137e-01
8.219282031059265137e-01
8.179233670234680176e-01
8.179233670234680176e-01
8.179233670234680176e-01
8.179233670234680176e-01
8.143748044967651367e-01
8.143748044967651367e-01
8.143748044967651367e-01
8.143748044967651367e-01
8.143748044967651367e-01
8.150560259819030762e-01
8.150177001953125000e-01
8.140627741813659668e-01
8.138560652732849121e-01
8.139125108718872070e-01
8.143838644027709961e-01
8.151860237121582031e-01
8.158247470855712891e-01
8.158247470855712891e-01
8.158247470855712891e-01
8.158247470855712891e-01
8.209632039070129395e-01
8.209632039070129395e-01
8.209632039070129395e-01
8.209632039070129395e-01
8.209632039070129395e-01
8.259906172752380371e-01
8.259906172752380371e-01
8.259906172752380371e-01
8.259906172752380371e-01
8.259906172752380371e-01
8.346549272537231445e-01
8.370112776756286621e-01
8.398979902267456055e-01
8.420215845108032227e-01
8.434225320816040039e-01
8.441739082336425781e-01
8.449099063873291016e-01
8.449099063873291016e-01
8.449099063873291016e-01
8.449099063873291016e-01
8.520687818527221680e-01
8.520687818527221680e-01
8.520687818527221680e-01
8.520687818527221680e-01
8.520687818527221680e-01
8.646223545074462891e-01
8.646223545074462891e-01
8.646223545074462891e-01
8.646223545074462891e-01
8.646223545074462891e-01
8.763737082481384277e-01
8.790531158447265625e-01
8.805497884750366211e-01
8.805497884750366211e-01
8.805497884750366211e-01
8.805497884750366211e-01
8.890457749366760254e-01
8.890457749366760254e-01
8.890457749366760254e-01
8.890457749366760254e-01
8.941866159439086914e-01
8.941866159439086914e-01
8.941866159439086914e-01
8.941866159439086914e-01
8.941866159439086914e-01
8.941866159439086914e-01
9.050057530403137207e-01
9.050057530403137207e-01
9.050057530403137207e-01
9.050057530403137207e-01
9.191379547119140625e-01
9.207191467285156250e-01
9.227683544158935547e-01
9.243797063827514648e-01
9.256933927536010742e-01
9.256933927536010742e-01
9.256933927536010742e-01
9.256933927536010742e-01
9.330111742019653320e-01
9.330111742019653320e-01
9.330111742019653320e-01
9.330111742019653320e-01
9.404339194297790527e-01
9.404339194297790527e-01
9.404339194297790527e-01
9.404339194297790527e-01
9.404339194297790527e-01
9.474570155143737793e-01
9.474570155143737793e-01
9.474570155143737793e-01
9.474570155143737793e-01
9.530877470970153809e-01
9.530877470970153809e-01
9.530877470970153809e-01
9.530877470970153809e-01
9.530877470970153809e-01
9.586725831031799316e-01
9.586725831031799316e-01
9.586725831031799316e-01
9.586725831031799316e-01
9.650964736938476562e-01
9.650964736938476562e-01
9.650964736938476562e-01
9.650964736938476562e-01
9.650964736938476562e-01
9.650964736938476562e-01
9.700847864151000977e-01
9.700847864151000977e-01
9.700847864151000977e-01
9.700847864151000977e-01
9.743999838829040527e-01
9.743999838829040527e-01
9.743999838829040527e-01
9.743999838829040527e-01
9.783298969268798828e-01
9.796856045722961426e-01
9.811041951179504395e-01
9.819967150688171387e-01
9.826641678810119629e-01
9.826641678810119629e-01
9.826641678810119629e-01
9.826641678810119629e-01
9.844093918800354004e-01
9.844093918800354004e-01
9.844093918800354004e-01
9.844093918800354004e-01
9.844093918800354004e-01
9.887134432792663574e-01
9.887134432792663574e-01
9.887134432792663574e-01
9.887134432792663574e-01
9.887134432792663574e-01
9.916793107986450195e-01
9.923801422119140625e-01
9.933907389640808105e-01
9.939939379692077637e-01
9.952476620674133301e-01
9.955146908760070801e-01
9.959393143653869629e-01
9.959393143653869629e-01
9.959393143653869629e-01
9.959393143653869629e-01
9.989419579505920410e-01
9.989419579505920410e-01
9.989419579505920410e-01
9.989419579505920410e-01
9.989419579505920410e-01
1.001251578330993652e+00
1.001408100128173828e+00
1.001611232757568359e+00
1.001764059066772461e+00
1.002251267433166504e+00
1.002841830253601074e+00
1.003023386001586914e+00
1.003494381904602051e+00
1.004152774810791016e+00
1.004982352256774902e+00
1.005127191543579102e+00
1.005525231361389160e+00
1.005762934684753418e+00
1.006209969520568848e+00
1.006297349929809570e+00
1.006579637527465820e+00
1.006579637527465820e+00
1.006579637527465820e+00
1.006579637527465820e+00
1.008131265640258789e+00
1.008131265640258789e+00
1.008131265640258789e+00
1.008131265640258789e+00
1.010812997817993164e+00
1.010812997817993164e+00
1.010812997817993164e+00
1.010812997817993164e+00
1.010812997817993164e+00
1.012421250343322754e+00
1.012421250343322754e+00
1.012421250343322754e+00
1.012421250343322754e+00
1.014998793601989746e+00
1.014998793601989746e+00
1.014998793601989746e+00
1.014998793601989746e+00
1.017454266548156738e+00
1.017454266548156738e+00
1.017454266548156738e+00
1.017454266548156738e+00
1.017454266548156738e+00
1.019034981727600098e+00
1.019034981727600098e+00
1.019034981727600098e+00
1.019034981727600098e+00
1.020274400711059570e+00
1.020274400711059570e+00
1.020274400711059570e+00
1.020274400711059570e+00
1.020274400711059570e+00
1.021769642829895020e+00
1.021769642829895020e+00
1.021769642829895020e+00
1.021769642829895020e+00
1.023940205574035645e+00
1.023940205574035645e+00
1.023940205574035645e+00
1.023940205574035645e+00
1.025501489639282227e+00
1.025501489639282227e+00
1.025501489639282227e+00
1.025501489639282227e+00
1.025501489639282227e+00
1.026306271553039551e+00
1.026424169540405273e+00
1.026588201522827148e+00
1.026992440223693848e+00
1.027234077453613281e+00
1.027234077453613281e+00
1.027234077453613281e+00
1.027234077453613281e+00
1.027320027351379395e+00
1.027320027351379395e+00
1.027320027351379395e+00
1.027320027351379395e+00
1.027281284332275391e+00
1.027281284332275391e+00
1.027281284332275391e+00
1.027281284332275391e+00
1.027281284332275391e+00
1.027088284492492676e+00
1.027088284492492676e+00
1.027088284492492676e+00
1.027088284492492676e+00
1.027088284492492676e+00
1.026899814605712891e+00
1.026899814605712891e+00
1.026899814605712891e+00
1.026899814605712891e+00
1.026008486747741699e+00
1.025808930397033691e+00
1.025575995445251465e+00
1.025360226631164551e+00
1.025360226631164551e+00
1.025360226631164551e+00
1.025360226631164551e+00
1.023895621299743652e+00
1.023895621299743652e+00
1.023895621299743652e+00
1.023895621299743652e+00
1.023895621299743652e+00
1.022173404693603516e+00
1.022173404693603516e+00
1.022173404693603516e+00
1.022173404693603516e+00
1.022139549255371094e+00
1.022139549255371094e+00
1.022139549255371094e+00
1.022139549255371094e+00
1.022139549255371094e+00
1.022372364997863770e+00
1.022372364997863770e+00
1.022372364997863770e+00
1.022372364997863770e+00
1.022372364997863770e+00
1.021468520164489746e+00
1.021425008773803711e+00
1.021284222602844238e+00
1.021284222602844238e+00
1.021284222602844238e+00
1.021284222602844238e+00
1.021800994873046875e+00
1.021800994873046875e+00
1.021800994873046875e+00
1.021800994873046875e+00
1.021800994873046875e+00
1.022615671157836914e+00
1.022800326347351074e+00
1.023049592971801758e+00
1.023049592971801758e+00
1.023049592971801758e+00
1.023049592971801758e+00
1.024739623069763184e+00
1.024739623069763184e+00
1.024739623069763184e+00
1.024739623069763184e+00
1.024739623069763184e+00
1.027672171592712402e+00
1.027672171592712402e+00
1.027672171592712402e+00
1.027672171592712402e+00
1.027672171592712402e+00
1.031638503074645996e+00
1.031638503074645996e+00
1.031638503074645996e+00
1.031638503074645996e+00
1.035594344139099121e+00
1.036451935768127441e+00
1.037192344665527344e+00
1.037725448608398438e+00
1.038263201713562012e+00
1.038458585739135742e+00
1.038603186607360840e+00
1.038684487342834473e+00
1.038759589195251465e+00
1.038759589195251465e+00
1.038759589195251465e+00
1.038759589195251465e+00
1.039869904518127441e+00
1.039869904518127441e+00
1.039869904518127441e+00
1.039869904518127441e+00
1.039869904518127441e+00
1.042554020881652832e+00
1.042554020881652832e+00
1.042554020881652832e+00
1.042554020881652832e+00
1.044675827026367188e+00
1.044675827026367188e+00
1.044675827026367188e+00
1.044675827026367188e+00
1.044675827026367188e+00
1.046216487884521484e+00
1.046216487884521484e+00
1.046216487884521484e+00
1.046216487884521484e+00
1.047036886215209961e+00
1.047002077102661133e+00
1.046619415283203125e+00
1.046792507171630859e+00
1.046625375747680664e+00
1.046434640884399414e+00
1.046322584152221680e+00
1.046367764472961426e+00
1.046210646629333496e+00
1.045929431915283203e+00
1.045735597610473633e+00
1.045739769935607910e+00
1.045569777488708496e+00
1.045479536056518555e+00
1.045400023460388184e+00
1.045333027839660645e+00
1.045452117919921875e+00
1.045269489288330078e+00
1.045123457908630371e+00
1.044817090034484863e+00
1.044618010520935059e+00
1.044618010520935059e+00
1.044618010520935059e+00
1.044618010520935059e+00
1.044156312942504883e+00
1.044156312942504883e+00
1.044156312942504883e+00
1.044156312942504883e+00
1.043489694595336914e+00
1.043489694595336914e+00
1.043489694595336914e+00
1.043489694595336914e+00
1.043489694595336914e+00
1.042104244232177734e+00
1.042104244232177734e+00
1.042104244232177734e+00
1.042104244232177734e+00
1.042104244232177734e+00
1.041200399398803711e+00
1.041200399398803711e+00
1.041200399398803711e+00
1.041200399398803711e+00
1.041200399398803711e+00
1.039562225341796875e+00
1.039562225341796875e+00
1.039562225341796875e+00
1.039562225341796875e+00
1.037021160125732422e+00
1.036555528640747070e+00
1.035833358764648438e+00
1.035724997520446777e+00
1.035258412361145020e+00
1.035258412361145020e+00
1.035258412361145020e+00
1.035258412361145020e+00
1.034315466880798340e+00
1.034315466880798340e+00
1.034315466880798340e+00
1.034315466880798340e+00
1.034315466880798340e+00
1.033550500869750977e+00
1.033550500869750977e+00
1.033550500869750977e+00
1.033550500869750977e+00
1.033550500869750977e+00
1.032111763954162598e+00
1.031793594360351562e+00
1.031136512756347656e+00
1.030710697174072266e+00
1.030631661415100098e+00
1.030360341072082520e+00
1.030423521995544434e+00
1.030437111854553223e+00
1.030577301979064941e+00
1.030631184577941895e+00
1.030738949775695801e+00
1.030738949775695801e+00
1.030738949775695801e+00
1.030738949775695801e+00
1.031237602233886719e+00
1.031237602233886719e+00
1.031237602233886719e+00
1.031237602233886719e+00
1.031655907630920410e+00
1.031655907630920410e+00
1.031655907630920410e+00
1.031655907630920410e+00
1.031655907630920410e+00
1.032747268676757812e+00
1.032747268676757812e+00
1.032747268676757812e+00
1.032747268676757812e+00
1.032747268676757812e+00
1.033668041229248047e+00
1.033668041229248047e+00
1.033668041229248047e+00
1.033668041229248047e+00
1.036746263504028320e+00
1.037480592727661133e+00
1.038145780563354492e+00
1.038350343704223633e+00
1.038433551788330078e+00
1.038346886634826660e+00
1.038346886634826660e+00
1.038346886634826660e+00
1.038346886634826660e+00
1.038346886634826660e+00
1.035495638847351074e+00
1.035495638847351074e+00
1.035495638847351074e+00
1.035495638847351074e+00
1.033783435821533203e+00
1.033783435821533203e+00
1.033783435821533203e+00
1.033783435821533203e+00
1.033783435821533203e+00
1.031802415847778320e+00
1.031802415847778320e+00
1.031802415847778320e+00
1.031802415847778320e+00
1.031802415847778320e+00
1.027401328086853027e+00
1.027401328086853027e+00
1.027401328086853027e+00
1.027401328086853027e+00
1.025493979454040527e+00
1.025493979454040527e+00
1.025493979454040527e+00
1.025493979454040527e+00
1.025493979454040527e+00
1.027337789535522461e+00
1.027556061744689941e+00
1.028517246246337891e+00
1.029040813446044922e+00
1.029273986816406250e+00
1.029608726501464844e+00
1.029608726501464844e+00
1.029608726501464844e+00
1.029608726501464844e+00
1.030501842498779297e+00
1.030501842498779297e+00
1.030501842498779297e+00
1.030501842498779297e+00
1.030501842498779297e+00
1.031369566917419434e+00
1.031369566917419434e+00
1.031369566917419434e+00
1.031369566917419434e+00
1.035295486450195312e+00
1.036075234413146973e+00
1.037154436111450195e+00
1.037618160247802734e+00
1.037618160247802734e+00
1.037618160247802734e+00
1.037618160247802734e+00
1.040632128715515137e+00
1.040632128715515137e+00
1.040632128715515137e+00
1.040632128715515137e+00
1.040632128715515137e+00
1.043375253677368164e+00
1.042043566703796387e+00
1.041424751281738281e+00
1.040947318077087402e+00
1.040569782257080078e+00
1.040212273597717285e+00
1.039965867996215820e+00
1.039286494255065918e+00
1.038559079170227051e+00
