1.739542245864868164e+00
1.724973320960998535e+00
1.710946440696716309e+00
1.696885108947753906e+00
1.683073759078979492e+00
1.670493364334106445e+00
1.657481908798217773e+00
1.644347429275512695e+00
1.631467580795288086e+00
1.618836879730224609e+00
1.606451392173767090e+00
1.594310045242309570e+00
1.582408308982849121e+00
1.570739388465881348e+00
1.559305191040039062e+00
1.548098921775817871e+00
1.537115454673767090e+00
1.526352286338806152e+00
1.515804052352905273e+00
1.505470156669616699e+00
1.495340824127197266e+00
1.485416531562805176e+00
1.475693106651306152e+00
1.466164350509643555e+00
1.456829190254211426e+00
1.447678923606872559e+00
1.438713908195495605e+00
1.429930686950683594e+00
1.421323537826538086e+00
1.412889480590820312e+00
1.404624819755554199e+00
1.396527051925659180e+00
1.388590812683105469e+00
1.380814075469970703e+00
1.373193860054016113e+00
1.365727663040161133e+00
1.358409285545349121e+00
1.351240515708923340e+00
1.344213962554931641e+00
1.337327957153320312e+00
1.330579519271850586e+00
1.323968648910522461e+00
1.317487716674804688e+00
1.311138153076171875e+00
1.304915904998779297e+00
1.298817753791809082e+00
1.292841911315917969e+00
1.286985874176025391e+00
1.281247019767761230e+00
1.275623559951782227e+00
1.270112037658691406e+00
1.264712333679199219e+00
1.259419798851013184e+00
1.254232645034790039e+00
1.249148964881896973e+00
1.244169235229492188e+00
1.239287376403808594e+00
1.234504103660583496e+00
1.229816436767578125e+00
1.225223064422607422e+00
1.220721125602722168e+00
1.216309189796447754e+00
1.211985468864440918e+00
1.207749247550964355e+00
1.203596711158752441e+00
1.199528694152832031e+00
1.195541262626647949e+00
1.191633939743041992e+00
1.187805294990539551e+00
1.184053063392639160e+00
1.180373907089233398e+00
1.176770806312561035e+00
1.173239111900329590e+00
1.169778585433959961e+00
1.166387200355529785e+00
1.163064241409301758e+00
1.159806370735168457e+00
1.156614661216735840e+00
1.153486251831054688e+00
1.150422334671020508e+00
1.147417545318603516e+00
1.144474744796752930e+00
1.141588926315307617e+00
1.138762474060058594e+00
1.135992765426635742e+00
1.133277654647827148e+00
1.130617141723632812e+00
1.128009557723999023e+00
1.125454664230346680e+00
1.122950553894042969e+00
1.120496988296508789e+00
1.118093013763427734e+00
1.115737676620483398e+00
1.113428235054016113e+00
1.111165285110473633e+00
1.108947992324829102e+00
1.106775403022766113e+00
1.104646205902099609e+00
1.102559804916381836e+00
1.100515007972717285e+00
1.098511815071105957e+00
1.096548795700073242e+00
1.094623923301696777e+00
1.092738509178161621e+00
1.090891718864440918e+00
1.089081764221191406e+00
1.087306499481201172e+00
1.085568666458129883e+00
1.083865165710449219e+00
1.082195520401000977e+00
1.080560803413391113e+00
1.078957796096801758e+00
1.077387213706970215e+00
1.075847744941711426e+00
1.074340581893920898e+00
1.072862267494201660e+00
1.071414232254028320e+00
1.069996356964111328e+00
1.068606138229370117e+00
1.067244052886962891e+00
1.065909504890441895e+00
1.064602017402648926e+00
1.063320159912109375e+00
1.062065124511718750e+00
1.060930609703063965e+00
1.059716820716857910e+00
1.058710575103759766e+00
1.057538270950317383e+00
1.056535720825195312e+00
1.055406808853149414e+00
1.054299831390380859e+00
1.053214550018310547e+00
1.052151560783386230e+00
1.051111221313476562e+00
1.050090789794921875e+00
1.049091815948486328e+00
1.048110604286193848e+00
1.047151088714599609e+00
1.046210289001464844e+00
1.045288324356079102e+00
1.044478416442871094e+00
1.043591022491455078e+00
1.042719721794128418e+00
1.041867375373840332e+00
1.041029810905456543e+00
1.040211558341979980e+00
1.039408564567565918e+00
1.038621664047241211e+00
1.037851095199584961e+00
1.037095308303833008e+00
1.036355376243591309e+00
1.035628557205200195e+00
1.034916281700134277e+00
1.034219145774841309e+00
1.033535838127136230e+00
1.032865762710571289e+00
1.032207965850830078e+00
1.031562805175781250e+00
1.030931591987609863e+00
1.030313968658447266e+00
1.029706954956054688e+00
1.029110193252563477e+00
1.028527021408081055e+00
1.027955412864685059e+00
1.027394175529479980e+00
1.026842355728149414e+00
1.026303052902221680e+00
1.025772094726562500e+00
1.025253176689147949e+00
1.024742007255554199e+00
1.024242162704467773e+00
1.023752450942993164e+00
1.023269414901733398e+00
1.022795915603637695e+00
1.022330760955810547e+00
1.021875739097595215e+00
1.021428585052490234e+00
1.020988464355468750e+00
1.020555853843688965e+00
1.020131945610046387e+00
1.019714832305908203e+00
1.019305706024169922e+00
1.018904209136962891e+00
1.018508672714233398e+00
1.018119335174560547e+00
1.017736673355102539e+00
1.017361640930175781e+00
1.016991853713989258e+00
1.016628384590148926e+00
1.016270875930786133e+00
1.015918374061584473e+00
1.015572428703308105e+00
1.015231013298034668e+00
1.014896392822265625e+00
1.014566421508789062e+00
1.014240741729736328e+00
1.013921022415161133e+00
1.013604760169982910e+00
1.013293385505676270e+00
1.012987256050109863e+00
1.012685656547546387e+00
1.012387037277221680e+00
1.012094259262084961e+00
1.011803388595581055e+00
1.011518716812133789e+00
1.011235952377319336e+00
1.010957241058349609e+00
1.010682702064514160e+00
1.010410666465759277e+00
1.010142087936401367e+00
1.009877204895019531e+00
1.009615540504455566e+00
1.009354114532470703e+00
1.009097814559936523e+00
1.008844375610351562e+00
1.008591651916503906e+00
1.008340954780578613e+00
1.008094072341918945e+00
1.007847905158996582e+00
1.007601499557495117e+00
1.007359504699707031e+00
1.007117271423339844e+00
1.006876587867736816e+00
1.006636023521423340e+00
1.006397008895874023e+00
1.006156921386718750e+00
1.005917310714721680e+00
1.005675792694091797e+00
1.005435347557067871e+00
1.005191445350646973e+00
1.004948139190673828e+00
1.004702925682067871e+00
1.004454970359802246e+00
1.004206418991088867e+00
1.003954529762268066e+00
1.003699541091918945e+00
1.003443598747253418e+00
1.003184914588928223e+00
1.002923607826232910e+00
1.002662181854248047e+00
1.002400040626525879e+00
1.002139329910278320e+00
1.001880049705505371e+00
1.001625180244445801e+00
1.001376152038574219e+00
1.001132965087890625e+00
1.000897884368896484e+00
1.000670433044433594e+00
1.000452280044555664e+00
1.000244259834289551e+00
1.000047206878662109e+00
9.998592734336853027e-01
9.996802806854248047e-01
9.995126128196716309e-01
9.993530511856079102e-01
9.992010593414306641e-01
9.987826347351074219e-01
9.987041950225830078e-01
9.986318349838256836e-01
9.985613822937011719e-01
9.985662698745727539e-01
9.984952807426452637e-01
9.984271526336669922e-01
9.983612895011901855e-01
9.982980489730834961e-01
9.982390999794006348e-01
9.981825947761535645e-01
9.981282353401184082e-01
9.980755448341369629e-01
9.980255961418151855e-01
9.979782700538635254e-01
9.979323148727416992e-01
9.978891611099243164e-01
9.978461265563964844e-01
9.978055357933044434e-01
9.977665543556213379e-01
9.977293610572814941e-01
9.976940751075744629e-01
9.976599216461181641e-01
9.976272583007812500e-01
9.975956082344055176e-01
9.975648522377014160e-01
9.975363612174987793e-01
9.975096583366394043e-01
9.974824190139770508e-01
9.974570274353027344e-01
9.974326491355895996e-01
9.974102377891540527e-01
9.973872900009155273e-01
9.973660707473754883e-01
9.973459243774414062e-01
9.973272085189819336e-01
9.973077774047851562e-01
9.972899556159973145e-01
9.972736239433288574e-01
9.972580075263977051e-01
9.972425103187561035e-01
9.972286224365234375e-01
9.972153902053833008e-01
9.972010850906372070e-01
9.971892237663269043e-01
9.971780180931091309e-01
9.971667528152465820e-01
9.971565604209899902e-01
9.971488714218139648e-01
9.971396923065185547e-01
9.971320629119873047e-01
9.971250295639038086e-01
9.971178770065307617e-01
9.971124529838562012e-01
9.971075654029846191e-01
9.971028566360473633e-01
9.971005916595458984e-01
9.970976710319519043e-01
9.970970749855041504e-01
9.970950484275817871e-01
9.970970153808593750e-01
9.970989227294921875e-01
9.971005916595458984e-01
9.971036911010742188e-01
9.971083402633666992e-01
9.971132874488830566e-01
9.971208572387695312e-01
9.971281886100769043e-01
9.971377253532409668e-01
9.971480369567871094e-01
9.971605539321899414e-01
9.971739649772644043e-01
9.971892237663269043e-01
9.972516298294067383e-01
9.972705841064453125e-01
9.972914457321166992e-01
9.973183870315551758e-01
9.964960813522338867e-01
9.965288639068603516e-01
9.965644478797912598e-01
9.966005086898803711e-01
9.966383576393127441e-01
9.966796636581420898e-01
9.967224001884460449e-01
9.967656731605529785e-01
9.968122243881225586e-01
9.968600273132324219e-01
9.969096779823303223e-01
9.969629049301147461e-01
9.970176219940185547e-01
9.970728754997253418e-01
9.971321225166320801e-01
9.971916079521179199e-01
9.972548484802246094e-01
9.973185658454895020e-01
9.973840713500976562e-01
9.974525570869445801e-01
9.975219368934631348e-01
9.975937604904174805e-01
9.976667761802673340e-01
9.977410435676574707e-01
9.978177547454833984e-01
9.978951215744018555e-01
9.979733228683471680e-01
9.980546236038208008e-01
9.981352090835571289e-01
9.982169866561889648e-01
9.983005523681640625e-01
9.983850121498107910e-01
9.984692335128784180e-01
9.985547661781311035e-01
9.986412525177001953e-01
9.987283349037170410e-01
9.988148212432861328e-01
9.989029765129089355e-01
9.989901185035705566e-01
9.990778565406799316e-01
9.991657137870788574e-01
9.992535114288330078e-01
9.993414878845214844e-01
9.994286298751831055e-01
9.995151162147521973e-01
9.996017217636108398e-01
9.996879100799560547e-01
9.997733235359191895e-01
9.998580813407897949e-01
9.999423623085021973e-01
1.000025033950805664e+00
1.000108718872070312e+00
1.000190496444702148e+00
1.000274062156677246e+00
1.000354170799255371e+00
1.000434041023254395e+00
1.000512599945068359e+00
1.000590443611145020e+00
1.000669360160827637e+00
1.000745415687561035e+00
1.000821590423583984e+00
1.000896096229553223e+00
1.000971555709838867e+00
1.001044154167175293e+00
1.001118063926696777e+00
1.001190423965454102e+00
1.001261234283447266e+00
1.001332044601440430e+00
1.001403331756591797e+00
1.001473665237426758e+00
1.001543641090393066e+00
1.001613974571228027e+00
1.001684427261352539e+00
1.001752853393554688e+00
1.001822113990783691e+00
1.001893281936645508e+00
1.001963138580322266e+00
1.002033114433288574e+00
1.002104401588439941e+00
1.002176046371459961e+00
1.002248644828796387e+00
1.002322077751159668e+00
1.002396225929260254e+00
1.002472758293151855e+00
1.002550363540649414e+00
1.002628445625305176e+00
1.002710103988647461e+00
1.002792596817016602e+00
1.002877712249755859e+00
1.002964735031127930e+00
1.003054618835449219e+00
1.003146290779113770e+00
1.003242135047912598e+00
1.003340482711791992e+00
1.003441929817199707e+00
1.003546476364135742e+00
1.003653526306152344e+00
1.003764748573303223e+00
1.003880739212036133e+00
1.003998398780822754e+00
1.004121422767639160e+00
1.004246234893798828e+00
1.004374027252197266e+00
1.004506349563598633e+00
1.004639744758605957e+00
1.004775524139404297e+00
1.004913210868835449e+00
1.005053639411926270e+00
1.005193710327148438e+00
1.005333542823791504e+00
1.005473256111145020e+00
1.005612492561340332e+00
1.005748271942138672e+00
1.005880951881408691e+00
1.006010293960571289e+00
1.006134867668151855e+00
1.006254196166992188e+00
1.006367802619934082e+00
1.006473660469055176e+00
1.006573200225830078e+00
1.006665468215942383e+00
1.006748914718627930e+00
1.006824851036071777e+00
1.006892442703247070e+00
1.006952166557312012e+00
1.007004857063293457e+00
1.007049798965454102e+00
1.007087349891662598e+00
1.007117986679077148e+00
1.007141709327697754e+00
1.007159829139709473e+00
1.007171988487243652e+00
1.007178664207458496e+00
1.007181167602539062e+00
1.007178664207458496e+00
1.007172346115112305e+00
1.007161617279052734e+00
1.007148981094360352e+00
1.007131934165954590e+00
1.007113456726074219e+00
1.007091522216796875e+00
1.007067322731018066e+00
1.007041454315185547e+00
1.007013440132141113e+00
1.006985068321228027e+00
1.006954193115234375e+00
1.006922602653503418e+00
1.006889700889587402e+00
1.006856322288513184e+00
1.006821632385253906e+00
1.006787061691284180e+00
1.006751418113708496e+00
1.006715536117553711e+00
1.006678819656372070e+00
1.006641626358032227e+00
1.006604790687561035e+00
1.006567716598510742e+00
1.006529688835144043e+00
1.006492614746093750e+00
1.006453990936279297e+00
1.006416559219360352e+00
1.006378650665283203e+00
1.006340026855468750e+00
1.006302356719970703e+00
1.006264090538024902e+00
1.006226301193237305e+00
1.006187796592712402e+00
1.006148815155029297e+00
1.006111025810241699e+00
1.006072640419006348e+00
1.006033897399902344e+00
1.005995631217956543e+00
1.005957365036010742e+00
1.005918622016906738e+00
1.005879759788513184e+00
1.005840420722961426e+00
1.005802273750305176e+00
1.005762815475463867e+00
1.005723714828491211e+00
1.005684971809387207e+00
1.005645155906677246e+00
1.005605936050415039e+00
1.005566239356994629e+00
1.005526542663574219e+00
1.005486488342285156e+00
1.005446434020996094e+00
1.005406498908996582e+00
1.005365967750549316e+00
1.005325913429260254e+00
1.005285382270812988e+00
1.005245327949523926e+00
1.005204677581787109e+00
1.005163788795471191e+00
1.005123615264892578e+00
1.005082368850708008e+00
1.005041956901550293e+00
1.004310488700866699e+00
1.004291415214538574e+00
1.004531264305114746e+00
1.004502534866333008e+00
1.004474759101867676e+00
1.004447340965270996e+00
1.004419088363647461e+00
1.004391431808471680e+00
1.004362702369689941e+00
1.004334568977355957e+00
1.004306793212890625e+00
1.004278659820556641e+00
1.004250407218933105e+00
1.004221916198730469e+00
1.004194259643554688e+00
1.004165649414062500e+00
1.004137992858886719e+00
1.004110693931579590e+00
1.004083037376403809e+00
1.004055142402648926e+00
1.004027605056762695e+00
1.004000067710876465e+00
1.003973007202148438e+00
1.003946185111999512e+00
1.003919363021850586e+00
1.003892421722412109e+00
1.003866434097290039e+00
1.003840088844299316e+00
1.003813982009887695e+00
1.003788113594055176e+00
1.003763079643249512e+00
1.003737211227416992e+00
1.003712177276611328e+00
1.003687858581542969e+00
1.003662943840026855e+00
1.003638863563537598e+00
1.003614902496337891e+00
1.003590822219848633e+00
1.003567576408386230e+00
1.003544807434082031e+00
1.003521203994750977e+00
1.003498911857604980e+00
1.003476142883300781e+00
1.003454089164733887e+00
1.003432154655456543e+00
1.003411054611206055e+00
1.003389000892639160e+00
1.003367662429809570e+00
1.003346204757690430e+00
1.003325581550598145e+00
1.003303766250610352e+00
1.003713726997375488e+00
1.003688812255859375e+00
1.003663420677185059e+00
1.003638625144958496e+00
1.003614187240600586e+00
1.003590345382690430e+00
1.003566861152648926e+00
1.003542304039001465e+00
1.003518939018249512e+00
1.003496170043945312e+00
1.003472924232482910e+00
1.003449201583862305e+00
1.003426432609558105e+00
1.003402948379516602e+00
1.003379821777343750e+00
1.003356218338012695e+00
1.003333210945129395e+00
1.003308773040771484e+00
1.003283739089965820e+00
1.003259420394897461e+00
1.002869963645935059e+00
1.002858161926269531e+00
1.002841472625732422e+00
1.002823472023010254e+00
1.002804756164550781e+00
1.002785682678222656e+00
1.002765536308288574e+00
1.002744078636169434e+00
1.002721071243286133e+00
1.002717614173889160e+00
1.002693533897399902e+00
1.002991318702697754e+00
1.002973914146423340e+00
1.002956151962280273e+00
1.002938508987426758e+00
1.002871990203857422e+00
1.002853870391845703e+00
1.002836823463439941e+00
1.002728462219238281e+00
1.002713561058044434e+00
1.002559423446655273e+00
1.002547621726989746e+00
1.002535104751586914e+00
1.002521872520446777e+00
1.002508044242858887e+00
1.002495408058166504e+00
1.002483129501342773e+00
1.002469301223754883e+00
1.002457499504089355e+00
1.002446413040161133e+00
1.002436518669128418e+00
1.002426385879516602e+00
1.002513527870178223e+00
1.002507925033569336e+00
1.002503395080566406e+00
1.002498745918273926e+00
1.002497076988220215e+00
1.002497553825378418e+00
1.002498865127563477e+00
1.002501487731933594e+00
1.002506852149963379e+00
1.002512931823730469e+00
1.002476215362548828e+00
1.002487897872924805e+00
1.002500295639038086e+00
1.002513647079467773e+00
1.003000736236572266e+00
1.003031373023986816e+00
1.003060579299926758e+00
1.003088831901550293e+00
1.003113269805908203e+00
1.003134727478027344e+00
1.003153204917907715e+00
1.003167629241943359e+00
1.003177642822265625e+00
1.003184556961059570e+00
1.003188133239746094e+00
1.002852916717529297e+00
1.002863168716430664e+00
1.002878069877624512e+00
1.002898931503295898e+00
1.002932071685791016e+00
1.002981305122375488e+00
1.003049492835998535e+00
1.003141164779663086e+00
1.003258585929870605e+00
1.003400087356567383e+00
1.003557801246643066e+00
1.002195358276367188e+00
1.002455592155456543e+00
1.002699732780456543e+00
1.002890825271606445e+00
1.002999186515808105e+00
1.003006339073181152e+00
1.001562356948852539e+00
1.001433968544006348e+00
1.001321315765380859e+00
1.001222252845764160e+00
1.001231789588928223e+00
1.001212716102600098e+00
1.001017808914184570e+00
1.000844359397888184e+00
1.000697374343872070e+00
1.000574588775634766e+00
1.000480294227600098e+00
1.000411510467529297e+00
1.000368475914001465e+00
1.000349044799804688e+00
1.000352501869201660e+00
1.000375032424926758e+00
1.000413537025451660e+00
1.000469088554382324e+00
1.000536203384399414e+00
1.000613570213317871e+00
1.000699758529663086e+00
1.000791192054748535e+00
1.000888705253601074e+00
1.000988841056823730e+00
1.001092195510864258e+00
1.001198053359985352e+00
1.001301169395446777e+00
1.001408576965332031e+00
1.001517415046691895e+00
1.001624345779418945e+00
1.001731753349304199e+00
1.001796722412109375e+00
1.001898765563964844e+00
1.001999378204345703e+00
1.002095818519592285e+00
1.002188563346862793e+00
1.002276420593261719e+00
1.002358794212341309e+00
1.002435088157653809e+00
1.002504229545593262e+00
1.002563714981079102e+00
1.002612948417663574e+00
1.002650260925292969e+00
1.002671718597412109e+00
1.002676486968994141e+00
1.002660751342773438e+00
1.002621769905090332e+00
1.002556800842285156e+00
1.003276109695434570e+00
1.003312230110168457e+00
1.003342509269714355e+00
1.003366827964782715e+00
1.003384828567504883e+00
1.003396034240722656e+00
1.003402471542358398e+00
1.004916429519653320e+00
1.004986047744750977e+00
1.005056262016296387e+00
1.005125999450683594e+00
1.005299091339111328e+00
1.005374908447265625e+00
1.005452036857604980e+00
1.005530118942260742e+00
1.005609273910522461e+00
1.005690097808837891e+00
1.005772948265075684e+00
1.005857348442077637e+00
1.005943417549133301e+00
1.006031513214111328e+00
1.006121993064880371e+00
1.006215572357177734e+00
1.006310582160949707e+00
1.006410121917724609e+00
1.006511211395263672e+00
1.006616830825805664e+00
1.006725549697875977e+00
1.006838798522949219e+00
1.006954908370971680e+00
1.007075309753417969e+00
1.007200479507446289e+00
1.007329463958740234e+00
1.007463097572326660e+00
1.007601618766784668e+00
1.007744073867797852e+00
1.007889986038208008e+00
1.008040547370910645e+00
1.008193254470825195e+00
1.008349061012268066e+00
1.008506298065185547e+00
1.008663773536682129e+00
1.008820295333862305e+00
1.008974194526672363e+00
1.009136319160461426e+00
1.009279847145080566e+00
1.009413242340087891e+00
1.009534835815429688e+00
1.009640812873840332e+00
1.009729266166687012e+00
1.009794473648071289e+00
1.009836554527282715e+00
1.009848833084106445e+00
1.009830713272094727e+00
1.009778261184692383e+00
1.009687185287475586e+00
1.009558796882629395e+00
1.009383678436279297e+00
1.009170770645141602e+00
1.008916974067687988e+00
1.008622050285339355e+00
1.008390307426452637e+00
1.008617877960205078e+00
1.008823275566101074e+00
1.008274912834167480e+00
1.008417487144470215e+00
1.008552908897399902e+00
1.008688449859619141e+00
1.008827924728393555e+00
1.004809617996215820e+00
1.004960894584655762e+00
1.005142450332641602e+00
1.005362510681152344e+00
1.005623936653137207e+00
1.005929350852966309e+00
1.006284594535827637e+00
1.006691575050354004e+00
1.007148265838623047e+00
1.007656455039978027e+00
1.008222341537475586e+00
1.008838891983032227e+00
1.009505987167358398e+00
1.010222315788269043e+00
1.010983705520629883e+00
1.011783242225646973e+00
1.012611269950866699e+00
1.013460516929626465e+00
1.014321208000183105e+00
1.015178680419921875e+00
1.016024112701416016e+00
1.016838908195495605e+00
1.017619609832763672e+00
1.018351674079895020e+00
1.019032001495361328e+00
1.019655585289001465e+00
1.020219087600708008e+00
1.020723223686218262e+00
1.021169662475585938e+00
1.021560549736022949e+00
1.021897196769714355e+00
1.022185802459716797e+00
1.022426247596740723e+00
1.022623538970947266e+00
1.022781252861022949e+00
1.022900819778442383e+00
1.022987127304077148e+00
1.023040533065795898e+00
1.023064494132995605e+00
1.023062467575073242e+00
1.023033380508422852e+00
1.022982478141784668e+00
1.022909045219421387e+00
1.022815108299255371e+00
1.022703051567077637e+00
1.022574424743652344e+00
1.022429466247558594e+00
1.022270083427429199e+00
1.022097229957580566e+00
1.021911859512329102e+00
1.021714925765991211e+00
1.021508216857910156e+00
1.021290540695190430e+00
1.021064758300781250e+00
1.020831823348999023e+00
1.020604252815246582e+00
1.020353198051452637e+00
1.020097136497497559e+00
1.019837021827697754e+00
1.019573569297790527e+00
1.019305825233459473e+00
1.019033908843994141e+00
1.018761157989501953e+00
1.018485784530639648e+00
1.018208146095275879e+00
1.017928719520568848e+00
1.017649173736572266e+00
1.017368197441101074e+00
1.017086505889892578e+00
1.016804218292236328e+00
1.016863346099853516e+00
1.016570091247558594e+00
1.016250252723693848e+00
1.015935540199279785e+00
1.015624880790710449e+00
1.015313267707824707e+00
1.015006899833679199e+00
1.014700531959533691e+00
1.014396309852600098e+00
1.014092326164245605e+00
1.013788461685180664e+00
1.013484358787536621e+00
1.013185620307922363e+00
1.012880802154541016e+00
1.012571811676025391e+00
1.012261271476745605e+00
1.011948704719543457e+00
1.011631131172180176e+00
1.011308073997497559e+00
1.010980367660522461e+00
1.010648608207702637e+00
1.010520577430725098e+00
1.010174632072448730e+00
1.009820103645324707e+00
1.009458422660827637e+00
1.010753154754638672e+00
1.010386824607849121e+00
1.009949564933776855e+00
1.009559750556945801e+00
1.009159088134765625e+00
1.008747816085815430e+00
1.008325099945068359e+00
1.007887840270996094e+00
1.007437825202941895e+00
1.006973385810852051e+00
1.006491780281066895e+00
1.006295442581176758e+00
1.005810856819152832e+00
1.005309939384460449e+00
1.004794597625732422e+00
1.004263043403625488e+00
1.003717541694641113e+00
1.003160715103149414e+00
1.002591133117675781e+00
1.002013564109802246e+00
1.001430988311767578e+00
1.000846266746520996e+00
1.000265240669250488e+00
9.996889829635620117e-01
9.990340471267700195e-01
9.984714388847351074e-01
9.979279637336730957e-01
9.973970651626586914e-01
9.968833923339843750e-01
9.963861703872680664e-01
9.958979487419128418e-01
9.954161643981933594e-01
9.949363470077514648e-01
9.956322312355041504e-01
9.950657486915588379e-01
9.944854974746704102e-01
9.934064149856567383e-01
9.928054809570312500e-01
9.922040104866027832e-01
9.916015863418579102e-01
9.910050034523010254e-01
9.904201030731201172e-01
9.898495674133300781e-01
9.892635345458984375e-01
9.887465238571166992e-01
9.882564544677734375e-01
9.877932071685791016e-01
9.871926307678222656e-01
9.868183732032775879e-01
9.864637255668640137e-01
9.861296415328979492e-01
9.858117699623107910e-01
9.855093359947204590e-01
9.852194786071777344e-01
9.849414825439453125e-01
9.846723675727844238e-01
9.844117164611816406e-01
9.841566085815429688e-01
9.839073419570922852e-01
9.838508367538452148e-01
9.836063385009765625e-01
9.833638668060302734e-01
9.831240177154541016e-01
9.828873872756958008e-01
9.826546311378479004e-01
9.824236631393432617e-01
9.821974039077758789e-01
9.819757342338562012e-01
9.817593097686767578e-01
9.815469384193420410e-01
9.813420176506042480e-01
9.811453223228454590e-01
9.809544682502746582e-01
9.807739257812500000e-01
9.806020855903625488e-01
9.804409742355346680e-01
9.802894592285156250e-01
9.801499247550964355e-01
9.800219535827636719e-01
9.799040555953979492e-01
9.798002243041992188e-01
9.797074198722839355e-01
9.796271920204162598e-01
9.795585274696350098e-01
9.795039296150207520e-01
9.794594645500183105e-01
9.794284701347351074e-01
9.794092178344726562e-01
9.794009923934936523e-01
9.794058799743652344e-01
9.794209599494934082e-01
9.794479608535766602e-01
9.794846177101135254e-01
9.795333743095397949e-01
9.795911312103271484e-01
9.796613454818725586e-01
9.797399044036865234e-01
9.798279404640197754e-01
9.799280166625976562e-01
9.800360798835754395e-01
9.801543951034545898e-01
9.802803397178649902e-01
9.804157018661499023e-01
9.805591106414794922e-01
9.807133674621582031e-01
9.808731079101562500e-01
9.810444116592407227e-01
9.812218546867370605e-01
9.814068078994750977e-01
9.816009402275085449e-01
9.818031191825866699e-01
9.820141196250915527e-01
9.822294116020202637e-01
9.824547171592712402e-01
9.826865196228027344e-01
9.829242229461669922e-01
9.831696152687072754e-01
9.834212660789489746e-01
9.836810827255249023e-01
9.839473366737365723e-01
9.842190146446228027e-01
9.844962358474731445e-01
9.850512742996215820e-01
9.853929281234741211e-01
9.856861829757690430e-01
9.859845638275146484e-01
9.862896203994750977e-01
9.868612885475158691e-01
9.871830344200134277e-01
9.875113368034362793e-01
9.878433942794799805e-01
9.881820678710937500e-01
9.885241985321044922e-01
9.888729453086853027e-01
9.892013669013977051e-01
9.895558357238769531e-01
9.899146556854248047e-01
9.902777075767517090e-01
9.906435012817382812e-01
9.910124540328979492e-01
9.913844466209411621e-01
9.917608499526977539e-01
9.921395778656005859e-01
9.925212860107421875e-01
9.929025173187255859e-01
9.932859539985656738e-01
9.936419725418090820e-01
9.939881563186645508e-01
9.943189620971679688e-01
9.946238994598388672e-01
9.948980212211608887e-01
9.952163696289062500e-01
9.954373836517333984e-01
9.956134557723999023e-01
9.957407712936401367e-01
9.952483773231506348e-01
9.953670501708984375e-01
9.954650402069091797e-01
9.955443143844604492e-01
9.956099987030029297e-01
9.956638216972351074e-01
9.957107305526733398e-01
9.957545995712280273e-01
9.957969188690185547e-01
9.958428144454956055e-01
9.958930015563964844e-01
9.959509968757629395e-01
9.960166811943054199e-01
9.960913658142089844e-01
9.961764216423034668e-01
9.962728619575500488e-01
9.963787794113159180e-01
9.964976310729980469e-01
9.966273903846740723e-01
9.967687129974365234e-01
9.969210624694824219e-01
9.970861077308654785e-01
9.972625374794006348e-01
9.974498748779296875e-01
9.976484179496765137e-01
9.978599548339843750e-01
9.980819225311279297e-01
9.983156919479370117e-01
9.985608458518981934e-01
9.988182783126831055e-01
9.990872144699096680e-01
9.993684291839599609e-01
9.996603727340698242e-01
9.999631643295288086e-01
1.000278353691101074e+00
1.000606536865234375e+00
1.000944733619689941e+00
1.001291990280151367e+00
1.000631809234619141e+00
1.001005172729492188e+00
1.001392126083374023e+00
1.001786231994628906e+00
1.002189755439758301e+00
1.002603769302368164e+00
1.003020405769348145e+00
1.003444552421569824e+00
1.003868341445922852e+00
1.004295706748962402e+00
1.004719018936157227e+00
1.005137681961059570e+00
1.005547046661376953e+00
1.006002545356750488e+00
1.006382465362548828e+00
1.006744146347045898e+00
1.007084131240844727e+00
1.007403850555419922e+00
1.007701277732849121e+00
1.007972717285156250e+00
1.008220911026000977e+00
1.008446097373962402e+00
1.008646368980407715e+00
1.008824825286865234e+00
1.008982419967651367e+00
1.009118556976318359e+00
1.009238362312316895e+00
1.009341955184936523e+00
1.009427309036254883e+00
1.009499788284301758e+00
1.009561300277709961e+00
1.009610772132873535e+00
1.009649038314819336e+00
1.009676814079284668e+00
1.009698987007141113e+00
1.009710550308227539e+00
1.009716629981994629e+00
1.009716153144836426e+00
1.009711384773254395e+00
1.009702324867248535e+00
1.009687781333923340e+00
1.009666442871093750e+00
1.009644865989685059e+00
1.009620189666748047e+00
1.009594678878784180e+00
1.009564876556396484e+00
1.009532332420349121e+00
1.009498119354248047e+00
1.009463429450988770e+00
1.009427547454833984e+00
1.009387016296386719e+00
1.009348869323730469e+00
1.009308338165283203e+00
1.009268403053283691e+00
1.009227037429809570e+00
1.009184598922729492e+00
1.009143590927124023e+00
1.009100914001464844e+00
1.009057044982910156e+00
1.009013414382934570e+00
1.008969783782958984e+00
1.008925676345825195e+00
1.008883237838745117e+00
1.008838176727294922e+00
1.008792877197265625e+00
1.008748650550842285e+00
1.008705377578735352e+00
1.008659005165100098e+00
1.008612990379333496e+00
1.008565902709960938e+00
1.008521080017089844e+00
1.008474588394165039e+00
1.008427739143371582e+00
1.008380532264709473e+00
1.008331775665283203e+00
1.008285760879516602e+00
1.008236289024353027e+00
1.008186817169189453e+00
1.008136749267578125e+00
1.008085846900939941e+00
1.008034586906433105e+00
1.007982492446899414e+00
1.007930755615234375e+00
1.007877826690673828e+00
1.007824301719665527e+00
1.007770776748657227e+00
1.007714629173278809e+00
1.007658720016479492e+00
1.007602572441101074e+00
1.007544040679931641e+00
1.007484674453735352e+00
1.007426381111145020e+00
1.007364034652709961e+00
1.007305145263671875e+00
1.007244348526000977e+00
1.007183432579040527e+00
1.007119417190551758e+00
1.007057547569274902e+00
1.006992936134338379e+00
1.006927609443664551e+00
1.006863594055175781e+00
1.006798505783081055e+00
1.006733775138854980e+00
1.006665110588073730e+00
1.006599426269531250e+00
1.006533145904541016e+00
1.006465792655944824e+00
1.006399512290954590e+00
1.006334424018859863e+00
1.006267070770263672e+00
1.006199359893798828e+00
1.006133317947387695e+00
1.006066322326660156e+00
1.005999326705932617e+00
1.005933046340942383e+00
1.005867481231689453e+00
1.005803585052490234e+00
1.005735874176025391e+00
1.005671381950378418e+00
1.005606174468994141e+00
1.005541563034057617e+00
1.005478143692016602e+00
1.005415797233581543e+00
1.005354046821594238e+00
1.005292177200317383e+00
1.005228519439697266e+00
1.005170345306396484e+00
1.005110144615173340e+00
1.005051136016845703e+00
1.004990577697753906e+00
1.004934072494506836e+00
1.004876971244812012e+00
1.004820585250854492e+00
1.004764795303344727e+00
1.004711508750915527e+00
1.004657626152038574e+00
1.004605174064636230e+00
1.004551768302917480e+00
1.004500031471252441e+00
1.004450082778930664e+00
1.004400610923767090e+00
1.004352331161499023e+00
1.004304409027099609e+00
1.004256486892700195e+00
1.004211664199829102e+00
1.004166483879089355e+00
1.004122853279113770e+00
1.004079580307006836e+00
1.004036188125610352e+00
1.003994584083557129e+00
1.003954410552978516e+00
1.003914952278137207e+00
1.003875136375427246e+00
1.003837585449218750e+00
1.003800630569458008e+00
1.003764748573303223e+00
1.003729343414306641e+00
1.003695607185363770e+00
1.003662824630737305e+00
1.003630757331848145e+00
1.003598213195800781e+00
1.003567576408386230e+00
1.003537654876708984e+00
1.003509163856506348e+00
1.003482103347778320e+00
1.003453254699707031e+00
1.003426790237426758e+00
1.003400564193725586e+00
1.003375768661499023e+00
1.003352165222167969e+00
1.003329038619995117e+00
1.003308057785034180e+00
1.003286004066467285e+00
1.003264665603637695e+00
1.003245115280151367e+00
1.003226995468139648e+00
1.003207325935363770e+00
1.003190279006958008e+00
1.003172993659973145e+00
1.003154993057250977e+00
1.003140330314636230e+00
1.003126740455627441e+00
1.003111600875854492e+00
1.003098607063293457e+00
1.003086566925048828e+00
1.003071784973144531e+00
1.003059864044189453e+00
1.003049135208129883e+00
1.003038406372070312e+00
1.003028154373168945e+00
1.003018617630004883e+00
1.003009557723999023e+00
1.003000974655151367e+00
1.002991914749145508e+00
1.002984046936035156e+00
1.002977728843688965e+00
1.002970576286315918e+00
1.002964138984680176e+00
1.002958536148071289e+00
1.002953410148620605e+00
1.002947092056274414e+00
1.002943038940429688e+00
1.002938151359558105e+00
1.002933621406555176e+00
1.002929568290710449e+00
1.002925515174865723e+00
1.002924799919128418e+00
1.002920866012573242e+00
1.002919435501098633e+00
1.002915978431701660e+00
1.002788662910461426e+00
1.002788305282592773e+00
1.002706646919250488e+00
1.002707958221435547e+00
1.002709388732910156e+00
1.002711653709411621e+00
1.002713561058044434e+00
1.002715587615966797e+00
1.002717494964599609e+00
1.002653241157531738e+00
1.002656221389770508e+00
1.002658486366271973e+00
1.002660751342773438e+00
1.002663016319274902e+00
1.002664923667907715e+00
1.002668261528015137e+00
1.002670884132385254e+00
1.002673506736755371e+00
1.002675771713256836e+00
1.002677679061889648e+00
1.002681612968444824e+00
1.002684831619262695e+00
1.002687573432922363e+00
1.002690315246582031e+00
1.002693772315979004e+00
1.002696275711059570e+00
1.002699971199035645e+00
1.002702713012695312e+00
1.002706646919250488e+00
1.002710342407226562e+00
1.002714157104492188e+00
1.002718329429626465e+00
1.002721309661865234e+00
1.002725839614868164e+00
1.002729773521423340e+00
1.002733945846557617e+00
1.002739191055297852e+00
1.002743601799011230e+00
1.002749204635620117e+00
1.002754688262939453e+00
1.002759933471679688e+00
1.002765536308288574e+00
1.002771139144897461e+00
1.002777338027954102e+00
1.002784013748168945e+00
1.002790689468383789e+00
1.002797961235046387e+00
1.002804517745971680e+00
1.002812981605529785e+00
1.002820491790771484e+00
1.002828240394592285e+00
1.002837657928466797e+00
1.002846717834472656e+00
1.002854585647583008e+00
1.002864241600036621e+00
1.002873659133911133e+00
1.002883434295654297e+00
1.002893090248107910e+00
1.002902507781982422e+00
1.002913713455200195e+00
1.002924323081970215e+00
1.002934336662292480e+00
1.002948641777038574e+00
1.002959012985229492e+00
1.002969264984130859e+00
1.002979516983032227e+00
1.002989411354064941e+00
1.002999067306518555e+00
1.003008604049682617e+00
1.003017663955688477e+00
1.003026008605957031e+00
1.003034710884094238e+00
1.003041982650756836e+00
1.003048539161682129e+00
1.003054499626159668e+00
1.003059506416320801e+00
1.003063797950744629e+00
1.003068208694458008e+00
1.003070950508117676e+00
1.003071904182434082e+00
1.003072500228881836e+00
1.003072023391723633e+00
1.003071427345275879e+00
1.003069281578063965e+00
1.003064870834350586e+00
1.003060579299926758e+00
1.003055095672607422e+00
1.003049015998840332e+00
1.003042340278625488e+00
1.003034353256225586e+00
1.003024935722351074e+00
1.003015756607055664e+00
1.003005385398864746e+00
1.002994656562805176e+00
1.002983808517456055e+00
1.002971887588500977e+00
1.002959728240966797e+00
1.002947092056274414e+00
1.002935528755187988e+00
1.002922177314758301e+00
1.002909660339355469e+00
1.002897262573242188e+00
1.002884626388549805e+00
1.002872347831726074e+00
1.002859115600585938e+00
1.002848267555236816e+00
1.002836942672729492e+00
1.002824783325195312e+00
1.002813577651977539e+00
1.002803802490234375e+00
1.002793192863464355e+00
1.002782821655273438e+00
1.002773046493530273e+00
1.002763390541076660e+00
1.002755165100097656e+00
1.002745151519775391e+00
1.002736449241638184e+00
1.002728223800659180e+00
1.001561045646667480e+00
1.001574993133544922e+00
1.001590371131896973e+00
1.001605510711669922e+00
1.001622200012207031e+00
1.001638412475585938e+00
1.001655340194702148e+00
1.001671791076660156e+00
1.001689910888671875e+00
1.001706480979919434e+00
1.001723766326904297e+00
1.001740932464599609e+00
1.001757144927978516e+00
1.001780629158020020e+00
1.001796603202819824e+00
1.001810789108276367e+00
1.001825809478759766e+00
1.001839280128479004e+00
1.001871466636657715e+00
1.001886963844299316e+00
1.001901268959045410e+00
1.001912713050842285e+00
1.001931548118591309e+00
1.001940965652465820e+00
1.001948356628417969e+00
1.001954913139343262e+00
1.001960396766662598e+00
1.001963853836059570e+00
1.001966357231140137e+00
1.001969456672668457e+00
1.001970529556274414e+00
1.001971364021301270e+00
1.001971006393432617e+00
1.001970052719116211e+00
1.001968502998352051e+00
1.001966476440429688e+00
1.001963257789611816e+00
1.001960754394531250e+00
1.001956939697265625e+00
1.001953244209289551e+00
1.001949071884155273e+00
1.001944303512573242e+00
1.001939654350280762e+00
1.001934885978698730e+00
1.001929521560668945e+00
1.001925110816955566e+00
1.001918554306030273e+00
1.001913428306579590e+00
1.001906871795654297e+00
1.001901149749755859e+00
1.002757787704467773e+00
1.002843737602233887e+00
1.002792835235595703e+00
1.002743721008300781e+00
1.002695441246032715e+00
1.002647399902343750e+00
1.002601623535156250e+00
1.002555370330810547e+00
1.002640962600708008e+00
1.002592563629150391e+00
1.002544522285461426e+00
1.002498149871826172e+00
1.002453088760375977e+00
1.002407073974609375e+00
1.002362132072448730e+00
1.002318143844604492e+00
1.002274632453918457e+00
1.002231359481811523e+00
1.002188563346862793e+00
1.002145528793334961e+00
1.002105355262756348e+00
1.002063035964965820e+00
1.002021789550781250e+00
1.001980662345886230e+00
1.001939892768859863e+00
1.001898646354675293e+00
1.001859188079833984e+00
1.001818180084228516e+00
1.001777887344360352e+00
1.001736879348754883e+00
1.001696705818176270e+00
1.001656413078308105e+00
1.001615285873413086e+00
1.001575112342834473e+00
1.001533985137939453e+00
1.001492142677307129e+00
1.001450777053833008e+00
1.001409649848937988e+00
1.001366972923278809e+00
1.001324057579040527e+00
1.001281976699829102e+00
1.001239061355590820e+00
1.001194238662719727e+00
1.001150727272033691e+00
1.001104950904846191e+00
1.001060485839843750e+00
1.001014709472656250e+00
1.000967979431152344e+00
1.000920772552490234e+00
1.000872254371643066e+00
1.000823855400085449e+00
1.000774979591369629e+00
1.000724434852600098e+00
1.000675201416015625e+00
1.000623226165771484e+00
1.000570774078369141e+00
1.000518202781677246e+00
1.000464320182800293e+00
1.000410437583923340e+00
1.000355124473571777e+00
1.000299334526062012e+00
1.000241398811340332e+00
1.000183224678039551e+00
1.000124096870422363e+00
1.000064969062805176e+00
1.000003457069396973e+00
9.999407529830932617e-01
9.998779892921447754e-01
9.998126029968261719e-01
9.997469782829284668e-01
9.996789097785949707e-01
9.996104240417480469e-01
9.995399713516235352e-01
9.994682073593139648e-01
9.993948936462402344e-01
9.993196129798889160e-01
9.992423057556152344e-01
9.991625547409057617e-01
9.990807771682739258e-01
9.989957809448242188e-01
9.989092350006103516e-01
9.988187551498413086e-01
9.987269639968872070e-01
9.986304640769958496e-01
9.985307455062866211e-01
9.984270334243774414e-01
9.983184933662414551e-01
9.982060194015502930e-01
9.980905055999755859e-01
9.979686737060546875e-01
9.978430271148681641e-01
9.977130293846130371e-01
9.975768327713012695e-01
9.974372386932373047e-01
9.972938299179077148e-01
9.971469640731811523e-01
9.969967603683471680e-01
9.968467354774475098e-01
9.966959357261657715e-01
9.965466856956481934e-01
9.963999986648559570e-01
9.962578415870666504e-01
9.961213469505310059e-01
9.959920048713684082e-01
9.958683848381042480e-01
9.957524538040161133e-01
9.956464171409606934e-01
9.955464601516723633e-01
9.954560995101928711e-01
9.953734874725341797e-01
9.952974319458007812e-01
9.952285289764404297e-01
9.951663017272949219e-01
9.948133826255798340e-01
9.948192834854125977e-01
9.948281645774841309e-01
9.948353767395019531e-01
9.949183464050292969e-01
9.949219226837158203e-01
9.949287176132202148e-01
9.949370622634887695e-01
9.949450492858886719e-01
9.949544072151184082e-01
9.949670433998107910e-01
9.949783682823181152e-01
9.949914813041687012e-01
9.950054883956909180e-01
9.950202703475952148e-01
9.950353503227233887e-01
9.950509667396545410e-01
9.950675368309020996e-01
9.950848817825317383e-01
9.951018095016479492e-01
9.951198101043701172e-01
9.951378703117370605e-01
9.951566457748413086e-01
9.951747059822082520e-01
9.951933622360229492e-01
9.952136278152465820e-01
9.952319860458374023e-01
9.952521920204162598e-01
9.952719211578369141e-01
9.952916502952575684e-01
9.953118562698364258e-01
9.953313469886779785e-01
9.953528046607971191e-01
9.953722357749938965e-01
9.953938126564025879e-01
9.954138398170471191e-01
9.954339265823364258e-01
9.954549074172973633e-01
9.954756498336791992e-01
9.954962730407714844e-01
9.955174326896667480e-01
9.955374002456665039e-01
9.955579042434692383e-01
9.955791234970092773e-01
9.956002235412597656e-01
9.956207275390625000e-01
9.956419467926025391e-01
9.956627488136291504e-01
9.956848025321960449e-01
9.957053661346435547e-01
9.957259893417358398e-01
9.957481622695922852e-01
9.957699775695800781e-01
9.957923293113708496e-01
9.958145618438720703e-01
9.958355426788330078e-01
9.958587884902954102e-01
9.958817362785339355e-01
9.959050416946411133e-01
9.959286451339721680e-01
9.959527850151062012e-01
9.959778189659118652e-01
9.960027337074279785e-01
9.960287809371948242e-01
9.960560202598571777e-01
9.960821270942687988e-01
9.961096048355102539e-01
9.961380958557128906e-01
9.961686134338378906e-01
9.961981773376464844e-01
9.962303638458251953e-01
9.962629675865173340e-01
9.962965846061706543e-01
9.964056015014648438e-01
9.964421987533569336e-01
9.964798092842102051e-01
9.964041709899902344e-01
9.964362382888793945e-01
9.964707493782043457e-01
9.965068101882934570e-01
9.965451359748840332e-01
9.965847134590148926e-01
9.966271519660949707e-01
9.966698288917541504e-01
9.967160820960998535e-01
9.967633485794067383e-01
9.968122839927673340e-01
9.968652129173278809e-01
9.969185590744018555e-01
9.969753623008728027e-01
9.970316886901855469e-01
9.970909357070922852e-01
9.971535801887512207e-01
9.972160458564758301e-01
9.972825646400451660e-01
9.973493814468383789e-01
9.974176287651062012e-01
9.974892735481262207e-01
9.975616931915283203e-01
9.976363778114318848e-01
9.977127313613891602e-01
9.977883696556091309e-01
9.978678226470947266e-01
9.979466199874877930e-01
9.980286955833435059e-01
9.981105327606201172e-01
9.981947541236877441e-01
9.982780218124389648e-01
9.983631968498229980e-01
9.984499812126159668e-01
9.985357522964477539e-01
9.986221194267272949e-01
9.987102150917053223e-01
9.987980127334594727e-01
9.988856911659240723e-01
9.989736080169677734e-01
9.990619421005249023e-01
9.991502761840820312e-01
9.992396235466003418e-01
9.993268847465515137e-01
9.994133114814758301e-01
9.995019435882568359e-01
9.995890259742736816e-01
9.996751546859741211e-01
9.997613430023193359e-01
9.998467564582824707e-01
9.999312758445739746e-01
1.000016570091247559e+00
1.000098943710327148e+00
1.000182390213012695e+00
1.000263690948486328e+00
1.000344395637512207e+00
1.000423908233642578e+00
1.000504016876220703e+00
1.000583052635192871e+00
1.000661015510559082e+00
1.000737905502319336e+00
1.000814080238342285e+00
1.000889062881469727e+00
1.000963687896728516e+00
1.001037478446960449e+00
1.001110911369323730e+00
1.001183748245239258e+00
1.001255631446838379e+00
1.001327276229858398e+00
1.001398682594299316e+00
1.001469016075134277e+00
1.001539349555969238e+00
1.001609563827514648e+00
1.001678705215454102e+00
1.001749515533447266e+00
1.001820683479309082e+00
1.001890420913696289e+00
1.001959443092346191e+00
1.002031207084655762e+00
1.002102613449096680e+00
1.002175092697143555e+00
1.002247095108032227e+00
1.002321958541870117e+00
1.002395868301391602e+00
1.002472758293151855e+00
1.002550840377807617e+00
1.002629995346069336e+00
1.002711176872253418e+00
1.002794623374938965e+00
1.002880096435546875e+00
1.002968192100524902e+00
1.003059148788452148e+00
1.003151655197143555e+00
1.003247380256652832e+00
1.003346085548400879e+00
1.003449201583862305e+00
1.003554224967956543e+00
1.003662824630737305e+00
1.003775596618652344e+00
1.003890752792358398e+00
1.004009842872619629e+00
1.004131793975830078e+00
1.004257798194885254e+00
1.004386901855468750e+00
1.004518866539001465e+00
1.004653930664062500e+00
1.004790306091308594e+00
1.004929304122924805e+00
1.005068421363830566e+00
1.005208373069763184e+00
1.005349040031433105e+00
1.005489230155944824e+00
1.005627632141113281e+00
1.005763173103332520e+00
1.005895614624023438e+00
1.006024479866027832e+00
1.006148934364318848e+00
1.006266832351684570e+00
1.006379127502441406e+00
1.006484270095825195e+00
1.006582617759704590e+00
1.006673097610473633e+00
1.006755471229553223e+00
1.006830692291259766e+00
1.006896972656250000e+00
1.006956338882446289e+00
1.007007479667663574e+00
1.007050514221191406e+00
1.007087707519531250e+00
1.007116556167602539e+00
1.007140159606933594e+00
1.007157087326049805e+00
1.007169246673583984e+00
1.007174730300903320e+00
1.007176637649536133e+00
1.007173538208007812e+00
1.007166504859924316e+00
1.007156014442443848e+00
1.007142305374145508e+00
1.007125139236450195e+00
1.007105946540832520e+00
1.007083773612976074e+00
1.007060289382934570e+00
1.007033586502075195e+00
1.007005929946899414e+00
1.006976008415222168e+00
1.006945848464965820e+00
1.006914377212524414e+00
1.006880998611450195e+00
1.006847143173217773e+00
1.006813049316406250e+00
1.006777524948120117e+00
1.006742596626281738e+00
1.006705284118652344e+00
1.006670117378234863e+00
1.006632447242736816e+00
1.006595849990844727e+00
1.006558537483215332e+00
1.006521105766296387e+00
1.006483435630798340e+00
1.006445050239562988e+00
1.006407976150512695e+00
1.006369352340698242e+00
1.006331682205200195e+00
1.006293535232543945e+00
1.006255745887756348e+00
1.006217598915100098e+00
1.006178855895996094e+00
1.006140708923339844e+00
1.006103038787841797e+00
1.006063938140869141e+00
1.006025791168212891e+00
1.005987167358398438e+00
1.005948543548583984e+00
1.005910158157348633e+00
1.005871653556823730e+00
1.005832910537719727e+00
1.005793809890747070e+00
1.005754470825195312e+00
1.005716085433959961e+00
1.005676865577697754e+00
1.005636811256408691e+00
1.005597591400146484e+00
1.005557417869567871e+00
1.005517721176147461e+00
1.005478620529174805e+00
1.005438685417175293e+00
1.005398511886596680e+00
1.005358576774597168e+00
1.005317687988281250e+00
1.005278110504150391e+00
1.005237340927124023e+00
1.005197167396545410e+00
1.005156040191650391e+00
1.005115389823913574e+00
1.005074381828308105e+00
1.005034208297729492e+00
1.003986358642578125e+00
1.003998041152954102e+00
1.003982067108154297e+00
1.003965377807617188e+00
1.003947615623474121e+00
1.003930449485778809e+00
1.003912806510925293e+00
1.003894567489624023e+00
1.003876924514770508e+00
1.003857612609863281e+00
1.003839135169982910e+00
1.003820419311523438e+00
1.003801465034484863e+00
1.003782391548156738e+00
1.003763914108276367e+00
1.003743290901184082e+00
1.003724336624145508e+00
1.003704309463500977e+00
1.003684520721435547e+00
1.003665328025817871e+00
1.003644585609436035e+00
1.003625631332397461e+00
1.003606319427490234e+00
1.003585815429687500e+00
1.003566503524780273e+00
1.003546953201293945e+00
1.003527164459228516e+00
1.003508090972900391e+00
1.003488063812255859e+00
1.003469228744506836e+00
1.003450036048889160e+00
1.003431200981140137e+00
1.003412365913391113e+00
1.003393888473510742e+00
1.003373980522155762e+00
1.003355860710144043e+00
1.003337502479553223e+00
1.003319621086120605e+00
1.003301143646240234e+00
1.003283500671386719e+00
1.003265976905822754e+00
1.003247499465942383e+00
1.003230690956115723e+00
1.003213763236999512e+00
1.003196477890014648e+00
1.003179311752319336e+00
1.003162145614624023e+00
1.003146290779113770e+00
1.003129243850708008e+00
1.003111600875854492e+00
1.003095746040344238e+00
1.003618478775024414e+00
1.003594398498535156e+00
1.003571748733520508e+00
1.003549575805664062e+00
1.003526091575622559e+00
1.003503441810607910e+00
1.003481030464172363e+00
1.003459453582763672e+00
1.003437876701354980e+00
1.003415822982788086e+00
1.003394126892089844e+00
1.003373265266418457e+00
1.003351330757141113e+00
1.003329038619995117e+00
1.003307342529296875e+00
1.003284811973571777e+00
1.003263354301452637e+00
1.003240346908569336e+00
1.003217458724975586e+00
1.003193616867065430e+00
1.002725481986999512e+00
1.002728581428527832e+00
1.002714991569519043e+00
1.002699971199035645e+00
1.002683639526367188e+00
1.002666711807250977e+00
1.002648711204528809e+00
1.002628684043884277e+00
1.002608180046081543e+00
1.002629756927490234e+00
1.002606272697448730e+00
1.003049135208129883e+00
1.003030776977539062e+00
1.003012657165527344e+00
1.002993106842041016e+00
1.002875685691833496e+00
1.002855658531188965e+00
1.002838373184204102e+00
1.002681136131286621e+00
1.002667069435119629e+00
1.002440690994262695e+00
1.002431869506835938e+00
1.002420425415039062e+00
1.002409577369689941e+00
1.002398014068603516e+00
1.002387523651123047e+00
1.002376556396484375e+00
1.002367138862609863e+00
1.002355694770812988e+00
1.002347588539123535e+00
1.002338409423828125e+00
1.002331733703613281e+00
1.002472758293151855e+00
1.002467393875122070e+00
1.002462983131408691e+00
1.002460837364196777e+00
1.002460598945617676e+00
1.002460837364196777e+00
1.002462625503540039e+00
1.002466917037963867e+00
1.002472400665283203e+00
1.002476692199707031e+00
1.002487301826477051e+00
1.002498388290405273e+00
1.002510547637939453e+00
1.002523899078369141e+00
1.003157377243041992e+00
1.003187060356140137e+00
1.003212332725524902e+00
1.003236532211303711e+00
1.003258347511291504e+00
1.003276586532592773e+00
1.003291606903076172e+00
1.003302931785583496e+00
1.003309011459350586e+00
1.003313064575195312e+00
1.003314018249511719e+00
1.002907395362854004e+00
1.002917647361755371e+00
1.002932310104370117e+00
1.002954363822937012e+00
1.002989530563354492e+00
1.003039598464965820e+00
1.003109812736511230e+00
1.003204941749572754e+00
1.003325462341308594e+00
1.003468871116638184e+00
1.003627896308898926e+00
1.001347303390502930e+00
1.001624822616577148e+00
1.001879334449768066e+00
1.002076506614685059e+00
1.002186536788940430e+00
1.002191781997680664e+00
1.000440239906311035e+00
1.000337123870849609e+00
1.000249624252319336e+00
1.000185132026672363e+00
1.000112533569335938e+00
1.000306010246276855e+00
1.000131011009216309e+00
9.999796748161315918e-01
9.998533129692077637e-01
9.997520446777343750e-01
9.996779561042785645e-01
9.996288418769836426e-01
9.996053576469421387e-01
9.996054172515869141e-01
9.996266365051269531e-01
9.996668100357055664e-01
9.997202754020690918e-01
9.997919201850891113e-01
9.998744130134582520e-01
9.999674558639526367e-01
1.000066876411437988e+00
1.000173330307006836e+00
1.000283479690551758e+00
1.000396847724914551e+00
1.000513315200805664e+00
1.000631213188171387e+00
1.000749588012695312e+00
1.000868916511535645e+00
1.000988245010375977e+00
1.001106500625610352e+00
1.001224279403686523e+00
1.001288652420043945e+00
1.001401066780090332e+00
1.001510024070739746e+00
1.001615762710571289e+00
1.001717567443847656e+00
1.001813650131225586e+00
1.001905441284179688e+00
1.001989603042602539e+00
1.002066373825073242e+00
1.002133607864379883e+00
1.002189278602600098e+00
1.002231717109680176e+00
1.002259492874145508e+00
1.002268791198730469e+00
1.002257108688354492e+00
1.002221107482910156e+00
1.002160072326660156e+00
1.003098964691162109e+00
1.003137707710266113e+00
1.003170847892761230e+00
1.003196597099304199e+00
1.003217220306396484e+00
1.003230333328247070e+00
1.003246188163757324e+00
1.003347635269165039e+00
1.003448367118835449e+00
1.003549098968505859e+00
1.003649711608886719e+00
1.003945231437683105e+00
1.004048585891723633e+00
1.004152774810791016e+00
1.004257678985595703e+00
1.004362463951110840e+00
1.004468560218811035e+00
1.004576444625854492e+00
1.004685163497924805e+00
1.004795432090759277e+00
1.004906892776489258e+00
1.005020737648010254e+00
1.005136370658874512e+00
1.005254268646240234e+00
1.005374908447265625e+00
1.005497813224792480e+00
1.005623936653137207e+00
1.005754232406616211e+00
1.005887031555175781e+00
1.006023645401000977e+00
1.006164193153381348e+00
1.006308317184448242e+00
1.006456613540649414e+00
1.006608605384826660e+00
1.006765007972717285e+00
1.006925106048583984e+00
1.007088661193847656e+00
1.007255554199218750e+00
1.007425665855407715e+00
1.007597446441650391e+00
1.007770538330078125e+00
1.007942795753479004e+00
1.008113861083984375e+00
1.008281469345092773e+00
1.008462667465209961e+00
1.008617520332336426e+00
1.008762121200561523e+00
1.008894205093383789e+00
1.009010195732116699e+00
1.009107112884521484e+00
1.009181261062622070e+00
1.009229421615600586e+00
1.009248256683349609e+00
1.009235024452209473e+00
1.009186744689941406e+00
1.009101033210754395e+00
1.008974075317382812e+00
1.008806705474853516e+00
1.008596897125244141e+00
1.008345365524291992e+00
1.008052110671997070e+00
1.008680701255798340e+00
1.008897781372070312e+00
1.009096264839172363e+00
1.008092164993286133e+00
1.008237242698669434e+00
1.008376598358154297e+00
1.008517384529113770e+00
1.008561491966247559e+00
1.005427122116088867e+00
1.005568385124206543e+00
1.005746722221374512e+00
1.005963444709777832e+00
1.006220459938049316e+00
1.006524682044982910e+00
1.006878852844238281e+00
1.007284760475158691e+00
1.007742047309875488e+00
1.008253574371337891e+00
1.008817672729492188e+00
1.009435534477233887e+00
1.010103464126586914e+00
1.010820746421813965e+00
1.011579632759094238e+00
1.012377858161926270e+00
1.013200759887695312e+00
1.014044046401977539e+00
1.014895915985107422e+00
1.015744924545288086e+00
1.016577601432800293e+00
1.017378211021423340e+00
1.018143177032470703e+00
1.018857240676879883e+00
1.019518971443176270e+00
1.020123243331909180e+00
1.020669221878051758e+00
1.021156191825866699e+00
1.021582961082458496e+00
1.021957039833068848e+00
1.022276759147644043e+00
1.022548675537109375e+00
1.022774100303649902e+00
1.022957563400268555e+00
1.023102521896362305e+00
1.023209214210510254e+00
1.023282408714294434e+00
1.023323774337768555e+00
1.023337483406066895e+00
1.023323535919189453e+00
1.023285388946533203e+00
1.023225665092468262e+00
1.023141980171203613e+00
1.023040652275085449e+00
1.022919893264770508e+00
1.022782444953918457e+00
1.022630095481872559e+00
1.022463560104370117e+00
1.022282958030700684e+00
1.022090792655944824e+00
1.021887660026550293e+00
1.021674156188964844e+00
1.021451830863952637e+00
1.021220088005065918e+00
1.020979881286621094e+00
1.020757079124450684e+00
1.020501255989074707e+00
1.020240902900695801e+00
1.019976019859313965e+00
1.019706845283508301e+00
1.019434928894042969e+00
1.019159913063049316e+00
1.018882155418395996e+00
1.018603801727294922e+00
1.018322229385375977e+00
1.018038988113403320e+00
1.017755746841430664e+00
1.017470955848693848e+00
1.017185091972351074e+00
1.016899347305297852e+00
1.017091155052185059e+00
1.016802191734313965e+00
1.016477108001708984e+00
1.016156077384948730e+00
1.015840411186218262e+00
1.015524268150329590e+00
1.015212297439575195e+00
1.014900445938110352e+00
1.014592647552490234e+00
1.014283657073974609e+00
1.013974308967590332e+00
1.013664603233337402e+00
1.013368964195251465e+00
1.013057708740234375e+00
1.012745141983032227e+00
1.012429714202880859e+00
1.012110471725463867e+00
1.011787414550781250e+00
1.011459827423095703e+00
1.011127114295959473e+00
1.010789632797241211e+00
1.010833144187927246e+00
1.010478138923645020e+00
1.010116219520568848e+00
1.009743452072143555e+00
1.011729240417480469e+00
1.011338353157043457e+00
1.010861396789550781e+00
1.010448217391967773e+00
1.010027527809143066e+00
1.009594917297363281e+00
1.009150147438049316e+00
1.008691787719726562e+00
1.008221626281738281e+00
1.007730364799499512e+00
1.007230281829833984e+00
1.007457137107849121e+00
1.006943225860595703e+00
1.006415843963623047e+00
1.005871057510375977e+00
1.005314826965332031e+00
1.004743099212646484e+00
1.004159927368164062e+00
1.003566503524780273e+00
1.002964973449707031e+00
1.002360105514526367e+00
1.001756548881530762e+00
1.001153707504272461e+00
1.000559926033020020e+00
9.998570680618286133e-01
9.992762804031372070e-01
9.987224340438842773e-01
9.981755614280700684e-01
9.976477622985839844e-01
9.971340894699096680e-01
9.966296553611755371e-01
9.961326122283935547e-01
9.956350326538085938e-01
9.966733455657958984e-01
9.960784912109375000e-01
9.954512119293212891e-01
9.948226213455200195e-01
9.941889047622680664e-01
9.935539960861206055e-01
9.929205179214477539e-01
9.922941327095031738e-01
9.916813373565673828e-01
9.910861253738403320e-01
9.904481172561645508e-01
9.899096488952636719e-01
9.893988370895385742e-01
9.889145493507385254e-01
9.882276654243469238e-01
9.878346920013427734e-01
9.874614477157592773e-01
9.871075749397277832e-01
9.867719411849975586e-01
9.864511489868164062e-01
9.861438274383544922e-01
9.858474731445312500e-01
9.855594038963317871e-01
9.852820038795471191e-01
9.850080013275146484e-01
9.847418069839477539e-01
9.847487211227416992e-01
9.844835996627807617e-01
9.842235445976257324e-01
9.839655160903930664e-01
9.837126731872558594e-01
9.834612607955932617e-01
9.832140803337097168e-01
9.829713702201843262e-01
9.827337265014648438e-01
9.825007915496826172e-01
9.822745323181152344e-01
9.820560812950134277e-01
9.818429946899414062e-01
9.816406965255737305e-01
9.814476966857910156e-01
9.812635183334350586e-01
9.810903668403625488e-01
9.809279441833496094e-01
9.807770252227783203e-01
9.806385636329650879e-01
9.805105924606323242e-01
9.803950190544128418e-01
9.802927374839782715e-01
9.802041053771972656e-01
9.801265001296997070e-01
9.800620675086975098e-01
9.800101518630981445e-01
9.799691438674926758e-01
9.799414873123168945e-01
9.799256324768066406e-01
9.799228310585021973e-01
9.799300432205200195e-01
9.799497127532958984e-01
9.799785614013671875e-01
9.800187349319458008e-01
9.800722002983093262e-01
9.801336526870727539e-01
9.802058339118957520e-01
9.802881479263305664e-01
9.803801774978637695e-01
9.804815053939819336e-01
9.805926680564880371e-01
9.807133674621582031e-01
9.808435440063476562e-01
9.809807538986206055e-01
9.811290502548217773e-01
9.812841415405273438e-01
9.814490675926208496e-01
9.816213250160217285e-01
9.818031191825866699e-01
9.819919466972351074e-01
9.821878671646118164e-01
9.823930859565734863e-01
9.826053380966186523e-01
9.828237295150756836e-01
9.830520749092102051e-01
9.832855463027954102e-01
9.835261702537536621e-01
9.837750196456909180e-01
9.840286374092102051e-01
9.842914342880249023e-01
9.845591187477111816e-01
9.848338365554809570e-01
9.854767322540283203e-01
9.859082102775573730e-01
9.861940145492553711e-01
9.864866733551025391e-01
9.867836236953735352e-01
9.876000285148620605e-01
9.879104495048522949e-01
9.882256388664245605e-01
9.885478615760803223e-01
9.888746142387390137e-01
9.892058968544006348e-01
9.895390272140502930e-01
9.898783564567565918e-01
9.902218580245971680e-01
9.905703067779541016e-01
9.909229278564453125e-01
9.912774562835693359e-01
9.916366338729858398e-01
9.919999837875366211e-01
9.923663735389709473e-01
9.927349090576171875e-01
9.931065440177917480e-01
9.934799671173095703e-01
9.938533306121826172e-01
9.941726326942443848e-01
9.945065379142761230e-01
9.948261976242065430e-01
9.951165318489074707e-01
9.953739643096923828e-01
9.957094192504882812e-01
9.959131479263305664e-01
9.960697889328002930e-01
9.960460662841796875e-01
9.961652755737304688e-01
9.962624311447143555e-01
9.963392019271850586e-01
9.963977932929992676e-01
9.964436888694763184e-01
9.964790344238281250e-01
9.965103864669799805e-01
9.965369105339050293e-01
9.965649843215942383e-01
9.965961575508117676e-01
9.966324567794799805e-01
9.966770410537719727e-01
9.967293143272399902e-01
9.967919588088989258e-01
9.968653917312622070e-01
9.969499111175537109e-01
9.970465898513793945e-01
9.971538782119750977e-01
9.972742795944213867e-01
9.974059462547302246e-01
9.975484609603881836e-01
9.977044463157653809e-01
9.978713393211364746e-01
9.980497956275939941e-01
9.982410669326782227e-01
9.984432458877563477e-01
9.986581206321716309e-01
9.988836050033569336e-01
9.991215467453002930e-01
9.993737936019897461e-01
9.996339082717895508e-01
9.999067783355712891e-01
1.000192642211914062e+00
1.000489711761474609e+00
1.000799894332885742e+00
1.001119613647460938e+00
1.001453876495361328e+00
1.001762509346008301e+00
1.002099990844726562e+00
1.002449274063110352e+00
1.002810359001159668e+00
1.003180742263793945e+00
1.003560781478881836e+00
1.003949642181396484e+00
1.004344820976257324e+00
1.004743337631225586e+00
1.005145311355590820e+00
1.005548954010009766e+00
1.005949378013610840e+00
1.006341695785522461e+00
1.006729722023010254e+00
1.007174968719482422e+00
1.007528901100158691e+00
1.007865190505981445e+00
1.008180856704711914e+00
1.008476853370666504e+00
1.008747696876525879e+00
1.008994817733764648e+00
1.009219527244567871e+00
1.009418487548828125e+00
1.009595751762390137e+00
1.009752035140991211e+00
1.009885311126708984e+00
1.010002970695495605e+00
1.010100841522216797e+00
1.010181546211242676e+00
1.010251760482788086e+00
1.010303974151611328e+00
1.010345935821533203e+00
1.010377049446105957e+00
1.010399460792541504e+00
1.010411620140075684e+00
1.010414838790893555e+00
1.010411977767944336e+00
1.010401725769042969e+00
1.010386109352111816e+00
1.010367751121520996e+00
1.010343313217163086e+00
1.010316133499145508e+00
1.010282754898071289e+00
1.010246396064758301e+00
1.010210037231445312e+00
1.010171651840209961e+00
1.010128378868103027e+00
1.010085701942443848e+00
1.010038137435913086e+00
1.009993910789489746e+00
1.009945273399353027e+00
1.009895443916320801e+00
1.009845256805419922e+00
1.009795427322387695e+00
1.009745717048645020e+00
1.009692907333374023e+00
1.009641528129577637e+00
1.009590387344360352e+00
1.009537935256958008e+00
1.009485244750976562e+00
1.009433031082153320e+00
1.009382963180541992e+00
1.009328603744506836e+00
1.009277939796447754e+00
1.009223341941833496e+00
1.009170532226562500e+00
1.009118556976318359e+00
1.009066224098205566e+00
1.009012699127197266e+00
1.008960485458374023e+00
1.008906364440917969e+00
1.008853673934936523e+00
1.008799433708190918e+00
1.008746981620788574e+00
1.008694052696228027e+00
1.008638381958007812e+00
1.008584737777709961e+00
1.008528709411621094e+00
1.008472561836242676e+00
1.008417010307312012e+00
1.008361577987670898e+00
1.008304953575134277e+00
1.008247137069702148e+00
1.008189678192138672e+00
1.008129954338073730e+00
1.008072614669799805e+00
1.008011937141418457e+00
1.007952213287353516e+00
1.007890462875366211e+00
1.007829427719116211e+00
1.007764697074890137e+00
1.007702708244323730e+00
1.007637977600097656e+00
1.007573723793029785e+00
1.007507085800170898e+00
1.007444143295288086e+00
1.007376194000244141e+00
1.007308483123779297e+00
1.007242441177368164e+00
1.007174015045166016e+00
1.007106304168701172e+00
1.007038116455078125e+00
1.006968379020690918e+00
1.006899356842041016e+00
1.006828188896179199e+00
1.006759881973266602e+00
1.006690025329589844e+00
1.006618976593017578e+00
1.006549596786499023e+00
1.006478548049926758e+00
1.006409287452697754e+00
1.006339907646179199e+00
1.006269931793212891e+00
1.006201148033142090e+00
1.006130933761596680e+00
1.006061911582946777e+00
1.005993843078613281e+00
1.005923748016357422e+00
1.005857586860656738e+00
1.005789637565612793e+00
1.005721807479858398e+00
1.005655169486999512e+00
1.005587816238403320e+00
1.005523324012756348e+00
1.005459308624267578e+00
1.005395293235778809e+00
1.005332469940185547e+00
1.005268931388854980e+00
1.005207300186157227e+00
1.005145549774169922e+00
1.005084872245788574e+00
1.005025267601013184e+00
1.004966020584106445e+00
1.004909515380859375e+00
1.004850387573242188e+00
1.004795908927917480e+00
1.004739880561828613e+00
1.004684925079345703e+00
1.004631042480468750e+00
1.004578828811645508e+00
1.004525780677795410e+00
1.004474401473999023e+00
1.004424095153808594e+00
1.004375457763671875e+00
1.004327893257141113e+00
1.004279613494873047e+00
1.004232764244079590e+00
1.004188060760498047e+00
1.004142045974731445e+00
1.004099369049072266e+00
1.004056930541992188e+00
1.004014611244201660e+00
1.003974080085754395e+00
1.003935337066650391e+00
1.003894805908203125e+00
1.003857851028442383e+00
1.003820061683654785e+00
1.003785490989685059e+00
1.003749608993530273e+00
1.003713607788085938e+00
1.003681659698486328e+00
1.003649473190307617e+00
1.003616690635681152e+00
1.003585100173950195e+00
1.003557085990905762e+00
1.003527402877807617e+00
1.003499388694763184e+00
1.003471136093139648e+00
1.003445506095886230e+00
1.003420710563659668e+00
1.003394961357116699e+00
1.003371000289916992e+00
1.003348350524902344e+00
1.003325462341308594e+00
1.003303527832031250e+00
1.003283500671386719e+00
1.003264665603637695e+00
1.003244757652282715e+00
1.003225803375244141e+00
1.003208398818969727e+00
1.003191113471984863e+00
1.003174781799316406e+00
1.003159523010253906e+00
1.003144264221191406e+00
1.003129839897155762e+00
1.003117203712463379e+00
1.003103017807006836e+00
1.003091573715209961e+00
1.003079295158386230e+00
1.003066897392272949e+00
1.003057956695556641e+00
1.003046751022338867e+00
1.003037452697753906e+00
1.003028035163879395e+00
1.003019571304321289e+00
1.003011226654052734e+00
1.003003358840942383e+00
1.002995967864990234e+00
1.002988934516906738e+00
1.002981185913085938e+00
1.002977848052978516e+00
1.002971172332763672e+00
1.002965092658996582e+00
1.002960205078125000e+00
1.002956628799438477e+00
1.002951860427856445e+00
1.002947807312011719e+00
1.002946615219116211e+00
1.002942562103271484e+00
1.002940177917480469e+00
1.002936840057373047e+00
1.002766370773315430e+00
1.002751111984252930e+00
1.002752065658569336e+00
1.002752780914306641e+00
1.002753257751464844e+00
1.002754449844360352e+00
1.002755165100097656e+00
1.002756357192993164e+00
1.002757310867309570e+00
1.002602100372314453e+00
1.002606153488159180e+00
1.002608895301818848e+00
1.002612352371215820e+00
1.002615451812744141e+00
1.002618908882141113e+00
1.002623081207275391e+00
1.002627134323120117e+00
1.002629399299621582e+00
1.002633333206176758e+00
1.002637147903442383e+00
1.002640604972839355e+00
1.002644181251525879e+00
1.002647876739501953e+00
1.002652049064636230e+00
1.002655863761901855e+00
1.002660155296325684e+00
1.002664208412170410e+00
1.002667903900146484e+00
1.002672314643859863e+00
1.002676248550415039e+00
1.002680540084838867e+00
1.002685308456420898e+00
1.002690076828002930e+00
1.002694129943847656e+00
1.002700090408325195e+00
1.002704739570617676e+00
1.002710580825805664e+00
1.002715229988098145e+00
1.002721190452575684e+00
1.002727150917053223e+00
1.002733945846557617e+00
1.002738952636718750e+00
1.002746343612670898e+00
1.002753019332885742e+00
1.002760171890258789e+00
1.002767324447631836e+00
1.002774357795715332e+00
1.002782106399536133e+00
1.002790689468383789e+00
1.002799749374389648e+00
1.002808094024658203e+00
1.002817034721374512e+00
1.002825736999511719e+00
1.002835988998413086e+00
1.002844810485839844e+00
1.002854704856872559e+00
1.002864837646484375e+00
1.002876043319702148e+00
1.002886176109313965e+00
1.002897143363952637e+00
1.002907276153564453e+00
1.002918004989624023e+00
1.002933382987976074e+00
1.002944231033325195e+00
1.002954721450805664e+00
1.002965211868286133e+00
1.002975463867187500e+00
1.002985596656799316e+00
1.002995371818542480e+00
1.003004431724548340e+00
1.003013014793395996e+00
1.003021836280822754e+00
1.003029108047485352e+00
1.003035902976989746e+00
1.003041982650756836e+00
1.003046989440917969e+00
1.003052711486816406e+00
1.003055691719055176e+00
1.003058910369873047e+00
1.003060579299926758e+00
1.003060817718505859e+00
1.003061294555664062e+00
1.003059148788452148e+00
1.003056406974792480e+00
1.003053426742553711e+00
1.003049135208129883e+00
1.003044128417968750e+00
1.003037691116333008e+00
1.003030896186828613e+00
1.003022313117980957e+00
1.003013610839843750e+00
1.003004193305969238e+00
1.002994060516357422e+00
1.002983808517456055e+00
1.002971887588500977e+00
1.002960681915283203e+00
1.002949237823486328e+00
1.002936959266662598e+00
1.002924442291259766e+00
1.002912163734436035e+00
1.002899765968322754e+00
1.002887129783630371e+00
1.002874493598937988e+00
1.002862453460693359e+00
1.002850294113159180e+00
1.002839326858520508e+00
1.002827405929565430e+00
1.002816438674926758e+00
1.002804994583129883e+00
1.002794742584228516e+00
1.002784490585327148e+00
1.002774238586425781e+00
1.002764940261840820e+00
1.002755403518676758e+00
1.002746939659118652e+00
1.002737879753112793e+00
1.002729773521423340e+00
1.002574324607849121e+00
1.002568602561950684e+00
1.002562284469604492e+00
1.002558469772338867e+00
1.002555131912231445e+00
1.002552270889282227e+00
1.002550125122070312e+00
1.002548575401306152e+00
1.002548575401306152e+00
1.002548456192016602e+00
1.002548456192016602e+00
1.002549529075622559e+00
1.002549648284912109e+00
1.002550363540649414e+00
1.002560138702392578e+00
1.002560257911682129e+00
1.002561450004577637e+00
1.002560377120971680e+00
1.002559185028076172e+00
1.002695083618164062e+00
1.002693891525268555e+00
1.002690315246582031e+00
1.002686381340026855e+00
1.002700805664062500e+00
1.002694606781005859e+00
1.002687811851501465e+00
1.002677679061889648e+00
1.002667427062988281e+00
1.002657413482666016e+00
1.002646565437316895e+00
1.002634525299072266e+00
1.002622246742248535e+00
1.002609491348266602e+00
1.002595424652099609e+00
1.002582311630249023e+00
1.002567410469055176e+00
1.002553701400756836e+00
1.002538323402404785e+00
1.002523779869079590e+00
1.002509593963623047e+00
1.002493262290954590e+00
1.002478480339050293e+00
1.002462863922119141e+00
1.002448081970214844e+00
1.002432346343994141e+00
1.002417564392089844e+00
1.002401709556579590e+00
1.002386927604675293e+00
1.002371191978454590e+00
1.002355217933654785e+00
1.002340197563171387e+00
1.003312587738037109e+00
1.003441452980041504e+00
1.003379702568054199e+00
1.003317356109619141e+00
1.003258228302001953e+00
1.003199934959411621e+00
1.003142237663269043e+00
1.003085613250732422e+00
1.003176331520080566e+00
1.003117680549621582e+00
1.003059029579162598e+00
1.003002643585205078e+00
1.002944946289062500e+00
1.002890467643737793e+00
1.002835512161254883e+00
1.002781510353088379e+00
1.002728939056396484e+00
1.002676248550415039e+00
1.002626180648803711e+00
1.002573728561401367e+00
1.002524256706237793e+00
1.002473711967468262e+00
1.002423763275146484e+00
1.002375006675720215e+00
1.002326607704162598e+00
1.002278208732604980e+00
1.002229928970336914e+00
1.002182126045227051e+00
1.002133727073669434e+00
1.002086162567138672e+00
1.002038836479187012e+00
1.001992225646972656e+00
1.001944422721862793e+00
1.001897335052490234e+00
1.001850128173828125e+00
1.001802086830139160e+00
1.001753807067871094e+00
1.001706123352050781e+00
1.001657962799072266e+00
1.001609802246093750e+00
1.001562237739562988e+00
1.001513481140136719e+00
1.001463413238525391e+00
1.001414418220520020e+00
1.001363754272460938e+00
1.001312017440795898e+00
1.001262307167053223e+00
1.001210451126098633e+00
1.001157760620117188e+00
1.001106500625610352e+00
1.001053571701049805e+00
1.000998735427856445e+00
1.000945925712585449e+00
1.000890135765075684e+00
1.000834941864013672e+00
1.000777959823608398e+00
1.000721335411071777e+00
1.000663757324218750e+00
1.000605106353759766e+00
1.000544190406799316e+00
1.000484824180603027e+00
1.000424981117248535e+00
1.000363349914550781e+00
1.000300407409667969e+00
1.000236272811889648e+00
1.000172972679138184e+00
1.000107884407043457e+00
1.000041127204895020e+00
9.999722838401794434e-01
9.999030828475952148e-01
9.998326301574707031e-01
9.997611045837402344e-01
9.996888637542724609e-01
9.996131658554077148e-01
9.995370507240295410e-01
9.994587898254394531e-01
9.993793964385986328e-01
9.992964863777160645e-01
9.992120265960693359e-01
9.991247653961181641e-01
9.990353584289550781e-01
9.989441633224487305e-01
9.988481998443603516e-01
9.987496137619018555e-01
9.986475110054016113e-01
9.985421895980834961e-01
9.984320402145385742e-01
9.983185529708862305e-01
9.981998205184936523e-01
9.980769753456115723e-01
9.979491829872131348e-01
9.978161454200744629e-01
9.976791143417358398e-01
9.975378513336181641e-01
9.973908662796020508e-01
9.972417950630187988e-01
9.970918893814086914e-01
9.969387650489807129e-01
9.967870712280273438e-01
9.966351985931396484e-01
9.964864850044250488e-01
9.963433742523193359e-01
9.962050914764404297e-01
9.960733652114868164e-01
9.959476590156555176e-01
9.958311319351196289e-01
9.957224726676940918e-01
9.956215620040893555e-01
9.955290555953979492e-01
9.954437017440795898e-01
9.953674674034118652e-01
9.952952861785888672e-01
9.952315092086791992e-01
9.948922395706176758e-01
9.948972463607788086e-01
9.949035644531250000e-01
9.949114918708801270e-01
9.949893951416015625e-01
9.949921965599060059e-01
9.949966669082641602e-01
9.950041174888610840e-01
9.950112104415893555e-01
9.950197339057922363e-01
9.950295090675354004e-01
9.950401782989501953e-01
9.950519800186157227e-01
9.950647354125976562e-01
9.950779676437377930e-01
9.950919151306152344e-01
9.951069951057434082e-01
9.951221942901611328e-01
9.951374530792236328e-01
9.951538443565368652e-01
9.951705932617187500e-01
9.951876997947692871e-01
9.952058792114257812e-01
9.952232241630554199e-01
9.952412247657775879e-01
9.952595233917236328e-01
9.952772855758666992e-01
9.952952265739440918e-01
9.953144788742065430e-01
9.953347444534301758e-01
9.953527450561523438e-01
9.953727722167968750e-01
9.953916668891906738e-01
9.954121112823486328e-01
9.954303503036499023e-01
9.954514503479003906e-01
9.954708218574523926e-01
9.954909682273864746e-01
9.955102205276489258e-01
9.955304265022277832e-01
9.955497384071350098e-01
9.955707192420959473e-01
9.955897927284240723e-01
9.956112504005432129e-01
9.956308007240295410e-01
9.956512451171875000e-01
9.956712722778320312e-01
9.956921339035034180e-01
9.957122206687927246e-01
9.957337975502014160e-01
9.957538843154907227e-01
9.957747459411621094e-01
9.957966208457946777e-01
9.958168268203735352e-01
9.958392381668090820e-01
9.958614706993103027e-01
9.958832263946533203e-01
9.959055185317993164e-01
9.959284663200378418e-01
9.959517121315002441e-01
9.959751963615417480e-01
9.959988594055175781e-01
9.960247278213500977e-01
9.960494637489318848e-01
9.960746169090270996e-01
9.961007237434387207e-01
9.961287975311279297e-01
9.961577057838439941e-01
9.961873292922973633e-01
9.962157011032104492e-01
9.962482452392578125e-01
9.962809085845947266e-01
9.963131546974182129e-01
9.964194893836975098e-01
9.964563250541687012e-01
9.964929819107055664e-01
9.964356422424316406e-01
9.964674115180969238e-01
9.965010881423950195e-01
9.965369105339050293e-01
9.965734481811523438e-01
9.966133236885070801e-01
9.966543912887573242e-01
9.966973066329956055e-01
9.967438578605651855e-01
9.967888593673706055e-01
9.968392848968505859e-01
9.968910813331604004e-01
9.969426393508911133e-01
9.969987273216247559e-01
9.970557093620300293e-01
9.971148371696472168e-01
9.971756339073181152e-01
9.972389340400695801e-01
9.973038434982299805e-01
9.973707199096679688e-01
9.974390268325805664e-01
9.975094795227050781e-01
9.975807666778564453e-01
9.976558685302734375e-01
9.977301359176635742e-01
9.978070259094238281e-01
9.978852868080139160e-01
9.979646205902099609e-01
9.980456233024597168e-01
9.981275796890258789e-01
9.982104897499084473e-01
9.982941746711730957e-01
9.983799457550048828e-01
9.984646439552307129e-01
9.985510110855102539e-01
9.986375570297241211e-01
9.987238049507141113e-01
9.988111853599548340e-01
9.988994002342224121e-01
9.989870786666870117e-01
9.990738034248352051e-01
