2.067075967788696289e+00
2.045931339263916016e+00
2.025203704833984375e+00
2.004884004592895508e+00
1.984964370727539062e+00
1.965436697006225586e+00
1.946292400360107422e+00
1.927526712417602539e+00
1.909129261970520020e+00
1.891094446182250977e+00
1.873413801193237305e+00
1.856081604957580566e+00
1.839089870452880859e+00
1.822432398796081543e+00
1.806102395057678223e+00
1.790095567703247070e+00
1.774403333663940430e+00
1.759018421173095703e+00
1.743938684463500977e+00
1.729154944419860840e+00
1.714661478996276855e+00
1.700455307960510254e+00
1.686527729034423828e+00
1.672875881195068359e+00
1.659492969512939453e+00
1.646374940872192383e+00
1.633514761924743652e+00
1.620908856391906738e+00
1.608551502227783203e+00
1.596439719200134277e+00
1.584566235542297363e+00
1.572928428649902344e+00
1.561520576477050781e+00
1.550338745117187500e+00
1.539378285408020020e+00
1.528635382652282715e+00
1.518104910850524902e+00
1.507784128189086914e+00
1.497667074203491211e+00
1.487751603126525879e+00
1.478032231330871582e+00
1.468506217002868652e+00
1.459169745445251465e+00
1.450018644332885742e+00
1.441049098968505859e+00
1.432258367538452148e+00
1.423641800880432129e+00
1.415197968482971191e+00
1.406920909881591797e+00
1.398808121681213379e+00
1.390858530998229980e+00
1.383065581321716309e+00
1.375427842140197754e+00
1.367943048477172852e+00
1.360606193542480469e+00
1.353416085243225098e+00
1.346369266510009766e+00
1.339461088180541992e+00
1.332691907882690430e+00
1.326057434082031250e+00
1.319554328918457031e+00
1.313180446624755859e+00
1.306932806968688965e+00
1.300809979438781738e+00
1.294809341430664062e+00
1.288926601409912109e+00
1.283162355422973633e+00
1.277511239051818848e+00
1.271972417831420898e+00
1.266542196273803711e+00
1.261222124099731445e+00
1.256005764007568359e+00
1.250893950462341309e+00
1.245882391929626465e+00
1.240970015525817871e+00
1.236155390739440918e+00
1.231436133384704590e+00
1.226809382438659668e+00
1.222275972366333008e+00
1.217831015586853027e+00
1.213482737541198730e+00
1.209210395812988281e+00
1.205024361610412598e+00
1.200920701026916504e+00
1.196897625923156738e+00
1.192955493927001953e+00
1.189091205596923828e+00
1.185303211212158203e+00
1.181590795516967773e+00
1.177951931953430176e+00
1.174387693405151367e+00
1.170891880989074707e+00
1.167468070983886719e+00
1.164111137390136719e+00
1.160823345184326172e+00
1.157601356506347656e+00
1.154443979263305664e+00
1.151678800582885742e+00
1.148624539375305176e+00
1.145631909370422363e+00
1.142703413963317871e+00
1.139835238456726074e+00
1.137027859687805176e+00
1.134278297424316406e+00
1.131586909294128418e+00
1.128953576087951660e+00
1.126375198364257812e+00
1.123853206634521484e+00
1.121383666992187500e+00
1.118968248367309570e+00
1.116603970527648926e+00
1.114290118217468262e+00
1.112027287483215332e+00
1.109812855720520020e+00
1.107646942138671875e+00
1.105527639389038086e+00
1.103455543518066406e+00
1.101426005363464355e+00
1.099443316459655762e+00
1.097502827644348145e+00
1.095604181289672852e+00
1.093747615814208984e+00
1.091930747032165527e+00
1.090153694152832031e+00
1.088413476943969727e+00
1.086712479591369629e+00
1.085047602653503418e+00
1.083418011665344238e+00
1.081823587417602539e+00
1.080262899398803711e+00
1.078734755516052246e+00
1.077239632606506348e+00
1.075775027275085449e+00
1.074341058731079102e+00
1.072936296463012695e+00
1.071560859680175781e+00
1.070213317871093750e+00
1.068893551826477051e+00
1.067600369453430176e+00
1.066333770751953125e+00
1.065090656280517578e+00
1.063873529434204102e+00
1.062680721282958984e+00
1.061511278152465820e+00
1.060364007949829102e+00
1.059240221977233887e+00
1.058137774467468262e+00
1.057057261466979980e+00
1.055997729301452637e+00
1.054958224296569824e+00
1.053938627243041992e+00
1.052938938140869141e+00
1.051959276199340820e+00
1.050997734069824219e+00
1.050054669380187988e+00
1.049129247665405273e+00
1.048222064971923828e+00
1.047332644462585449e+00
1.046459913253784180e+00
1.045603275299072266e+00
1.044763684272766113e+00
1.043940067291259766e+00
1.043131470680236816e+00
1.042339563369750977e+00
1.041561245918273926e+00
1.040798664093017578e+00
1.040050148963928223e+00
1.039316415786743164e+00
1.038595795631408691e+00
1.037889361381530762e+00
1.037195682525634766e+00
1.036514878273010254e+00
1.035847544670104980e+00
1.035192012786865234e+00
1.034549236297607422e+00
1.033918261528015137e+00
1.033299088478088379e+00
1.032690644264221191e+00
1.032093763351440430e+00
1.031507968902587891e+00
1.030932426452636719e+00
1.030367612838745117e+00
1.029812693595886230e+00
1.029268145561218262e+00
1.028732061386108398e+00
1.028207302093505859e+00
1.027690410614013672e+00
1.027183175086975098e+00
1.026684641838073730e+00
1.026194214820861816e+00
1.025712251663208008e+00
1.025238990783691406e+00
1.024773597717285156e+00
1.024316072463989258e+00
1.023866295814514160e+00
1.023424029350280762e+00
1.022989392280578613e+00
1.022561311721801758e+00
1.022139787673950195e+00
1.021726369857788086e+00
1.021319627761840820e+00
1.020918846130371094e+00
1.020524978637695312e+00
1.020137906074523926e+00
1.019757032394409180e+00
1.019382238388061523e+00
1.019013166427612305e+00
1.018651247024536133e+00
1.018293976783752441e+00
1.017943978309631348e+00
1.017598271369934082e+00
1.017260313034057617e+00
1.016927003860473633e+00
1.016599059104919434e+00
1.016278505325317383e+00
1.015961647033691406e+00
1.015651822090148926e+00
1.015347003936767578e+00
1.015048861503601074e+00
1.014755010604858398e+00
1.014466762542724609e+00
1.014184951782226562e+00
1.013908743858337402e+00
1.013637781143188477e+00
1.013371348381042480e+00
1.013111948966979980e+00
1.012856841087341309e+00
1.012608051300048828e+00
1.012364387512207031e+00
1.012126445770263672e+00
1.011894226074218750e+00
1.011667370796203613e+00
1.011445641517639160e+00
1.011229634284973145e+00
1.011018395423889160e+00
1.010812401771545410e+00
1.010612845420837402e+00
1.010417103767395020e+00
1.010227203369140625e+00
1.010042309761047363e+00
1.009863018989562988e+00
1.009688973426818848e+00
1.009518742561340332e+00
1.009354114532470703e+00
1.009194612503051758e+00
1.009039759635925293e+00
1.008889555931091309e+00
1.008744239807128906e+00
1.008602857589721680e+00
1.008466601371765137e+00
1.008334517478942871e+00
1.008206486701965332e+00
1.008083343505859375e+00
1.007963061332702637e+00
1.007848739624023438e+00
1.007737517356872559e+00
1.007629632949829102e+00
1.007526159286499023e+00
1.007426619529724121e+00
1.007331013679504395e+00
1.007238149642944336e+00
1.007148504257202148e+00
1.007062792778015137e+00
1.006980538368225098e+00
1.006911635398864746e+00
1.006835460662841797e+00
1.006762504577636719e+00
1.006693243980407715e+00
1.006625890731811523e+00
1.006562113761901855e+00
1.006500720977783203e+00
1.006442546844482422e+00
1.006385922431945801e+00
1.006332874298095703e+00
1.006282210350036621e+00
1.006232619285583496e+00
1.006186485290527344e+00
1.006142377853393555e+00
1.006101131439208984e+00
1.005369424819946289e+00
1.005333662033081055e+00
1.005299568176269531e+00
1.005137324333190918e+00
1.005109548568725586e+00
1.005082607269287109e+00
1.005056858062744141e+00
1.004280090332031250e+00
1.004274249076843262e+00
1.004269599914550781e+00
1.004265308380126953e+00
1.004260897636413574e+00
1.004258036613464355e+00
1.002830982208251953e+00
1.002858161926269531e+00
1.002884507179260254e+00
1.002911448478698730e+00
1.002937436103820801e+00
1.002963185310363770e+00
1.002989411354064941e+00
1.003015041351318359e+00
1.003040075302124023e+00
1.003064632415771484e+00
1.003089427947998047e+00
1.003113508224487305e+00
1.003136038780212402e+00
1.003041505813598633e+00
1.003066182136535645e+00
1.003089904785156250e+00
1.003113627433776855e+00
1.003137469291687012e+00
1.003159046173095703e+00
1.003180384635925293e+00
1.003201603889465332e+00
1.003221988677978516e+00
1.003241300582885742e+00
1.003259539604187012e+00
1.003278493881225586e+00
1.003295183181762695e+00
1.003311395645141602e+00
1.003327965736389160e+00
1.003342866897583008e+00
1.003356456756591797e+00
1.003369808197021484e+00
1.003382682800292969e+00
1.003394126892089844e+00
1.003405332565307617e+00
1.003415107727050781e+00
1.003424167633056641e+00
1.003433346748352051e+00
1.003440976142883301e+00
1.003448128700256348e+00
1.003455400466918945e+00
1.003392100334167480e+00
1.003393650054931641e+00
1.003393530845642090e+00
1.003392934799194336e+00
1.003392696380615234e+00
1.003392934799194336e+00
1.003380537033081055e+00
1.003376245498657227e+00
1.003372430801391602e+00
1.003369212150573730e+00
1.003366231918334961e+00
1.003363490104675293e+00
1.003361225128173828e+00
1.003360390663146973e+00
1.003359436988830566e+00
1.003359794616699219e+00
1.003360509872436523e+00
1.003362774848937988e+00
1.003365516662597656e+00
1.003368616104125977e+00
1.003373861312866211e+00
1.003378868103027344e+00
1.003384709358215332e+00
1.003391027450561523e+00
1.003398895263671875e+00
1.003406167030334473e+00
1.003414988517761230e+00
1.003422975540161133e+00
1.003431439399719238e+00
1.003440618515014648e+00
1.003448247909545898e+00
1.003457069396972656e+00
1.003464937210083008e+00
1.003472089767456055e+00
1.003477811813354492e+00
1.003484368324279785e+00
1.003488659858703613e+00
1.003492236137390137e+00
1.003494858741760254e+00
1.003496170043945312e+00
1.003495693206787109e+00
1.003494739532470703e+00
1.003441333770751953e+00
1.003439426422119141e+00
1.003437042236328125e+00
1.003431081771850586e+00
1.003425598144531250e+00
1.003417134284973145e+00
1.002970814704895020e+00
1.002960920333862305e+00
1.002948045730590820e+00
1.002934098243713379e+00
1.003305792808532715e+00
1.003263473510742188e+00
1.003109693527221680e+00
1.003065466880798340e+00
1.003020286560058594e+00
1.002974510192871094e+00
1.002928018569946289e+00
1.002880334854125977e+00
1.002833247184753418e+00
1.002783775329589844e+00
1.002735257148742676e+00
1.002685904502868652e+00
1.002635717391967773e+00
1.002584338188171387e+00
1.002533435821533203e+00
1.002481937408447266e+00
1.002430319786071777e+00
1.002809882164001465e+00
1.002949357032775879e+00
1.002895712852478027e+00
1.002842545509338379e+00
1.002787828445434570e+00
1.002733707427978516e+00
1.002679944038391113e+00
1.002626657485961914e+00
1.002574086189270020e+00
1.002521514892578125e+00
1.002468585968017578e+00
1.002418041229248047e+00
1.002365827560424805e+00
1.002315402030944824e+00
1.002265453338623047e+00
1.002215862274169922e+00
1.002168059349060059e+00
1.006420135498046875e+00
1.006289005279541016e+00
1.006158947944641113e+00
1.006031870841979980e+00
1.005905985832214355e+00
1.005781292915344238e+00
1.005658268928527832e+00
1.005537509918212891e+00
1.005416989326477051e+00
1.005299091339111328e+00
1.005184173583984375e+00
1.005069851875305176e+00
1.004957556724548340e+00
1.004847049713134766e+00
1.004739165306091309e+00
1.005912661552429199e+00
1.005801320075988770e+00
1.005691528320312500e+00
1.005583882331848145e+00
1.005497813224792480e+00
1.005394339561462402e+00
1.005292534828186035e+00
1.005193233489990234e+00
1.005095005035400391e+00
1.005000591278076172e+00
1.004907608032226562e+00
1.004817843437194824e+00
1.004729270935058594e+00
1.005007505416870117e+00
1.004937410354614258e+00
1.004868268966674805e+00
1.004800558090209961e+00
1.004732370376586914e+00
1.004665017127990723e+00
1.004598975181579590e+00
1.004533410072326660e+00
1.004468441009521484e+00
1.004403710365295410e+00
1.004340291023254395e+00
1.004277706146240234e+00
1.004216670989990234e+00
1.004155516624450684e+00
1.004095554351806641e+00
1.004037737846374512e+00
1.004654288291931152e+00
1.004580616950988770e+00
1.004507064819335938e+00
1.004432678222656250e+00
1.004358530044555664e+00
1.004283666610717773e+00
1.004210233688354492e+00
1.004136323928833008e+00
1.004064798355102539e+00
1.003993153572082520e+00
1.003922343254089355e+00
1.003853559494018555e+00
1.003786563873291016e+00
1.010742425918579102e+00
1.010655403137207031e+00
1.010565757751464844e+00
1.010473132133483887e+00
1.010590076446533203e+00
1.010521054267883301e+00
1.010448932647705078e+00
1.010371327400207520e+00
1.011542558670043945e+00
1.011504769325256348e+00
1.011471867561340332e+00
1.011411309242248535e+00
1.011338829994201660e+00
1.011253952980041504e+00
1.011158347129821777e+00
1.011050462722778320e+00
1.010930895805358887e+00
1.010800004005432129e+00
1.010658860206604004e+00
1.010507345199584961e+00
1.010346531867980957e+00
1.010178089141845703e+00
1.010000705718994141e+00
1.009817123413085938e+00
1.009628772735595703e+00
1.009436368942260742e+00
1.009241580963134766e+00
1.009070873260498047e+00
1.008877754211425781e+00
1.008685708045959473e+00
1.008498072624206543e+00
1.008312463760375977e+00
1.008134603500366211e+00
1.007962107658386230e+00
1.007797956466674805e+00
1.007278680801391602e+00
1.007141351699829102e+00
1.007013797760009766e+00
1.006896018981933594e+00
1.006790041923522949e+00
1.006693005561828613e+00
1.006606221199035645e+00
1.006552100181579590e+00
1.006483554840087891e+00
1.006423830986022949e+00
1.006372690200805664e+00
1.006329774856567383e+00
1.006295204162597656e+00
1.006267786026000977e+00
1.006247162818908691e+00
1.006232380867004395e+00
1.006224036216735840e+00
1.006220579147338867e+00
1.006222367286682129e+00
1.006228804588317871e+00
1.006238222122192383e+00
1.006251454353332520e+00
1.006268143653869629e+00
1.006288290023803711e+00
1.006309151649475098e+00
1.006333470344543457e+00
1.006359338760375977e+00
1.006385445594787598e+00
1.006413936614990234e+00
1.006443619728088379e+00
1.006473660469055176e+00
1.006505012512207031e+00
1.006536126136779785e+00
1.006567835807800293e+00
1.006599426269531250e+00
1.006631374359130859e+00
1.006663441658020020e+00
1.006695151329040527e+00
1.006727099418640137e+00
1.006758213043212891e+00
1.005819201469421387e+00
1.005910992622375488e+00
1.006000041961669922e+00
1.006085157394409180e+00
1.004333019256591797e+00
1.004451274871826172e+00
1.004563689231872559e+00
1.004672050476074219e+00
1.004778385162353516e+00
1.004879713058471680e+00
1.004978060722351074e+00
1.005072116851806641e+00
1.005164742469787598e+00
1.005252242088317871e+00
1.005336880683898926e+00
1.005419254302978516e+00
1.005497694015502930e+00
1.005573749542236328e+00
1.002659082412719727e+00
1.002805233001708984e+00
1.002948284149169922e+00
1.003085732460021973e+00
1.003218054771423340e+00
1.003346204757690430e+00
1.003469944000244141e+00
1.003271579742431641e+00
1.003393411636352539e+00
1.003510117530822754e+00
1.003624081611633301e+00
1.003317594528198242e+00
1.003429412841796875e+00
1.003536343574523926e+00
1.003639221191406250e+00
1.003736972808837891e+00
1.003831505775451660e+00
1.003922939300537109e+00
1.004009485244750977e+00
1.004092454910278320e+00
1.004170894622802734e+00
1.004246234893798828e+00
1.004317879676818848e+00
1.004386782646179199e+00
1.004452228546142578e+00
1.003932833671569824e+00
1.003957509994506836e+00
1.004023909568786621e+00
1.004086613655090332e+00
1.004145503044128418e+00
1.003076076507568359e+00
1.003151059150695801e+00
1.003222227096557617e+00
1.003289699554443359e+00
1.003354787826538086e+00
1.003415107727050781e+00
1.003473281860351562e+00
1.003527760505676270e+00
1.003580212593078613e+00
1.003627181053161621e+00
1.003671646118164062e+00
1.003714561462402344e+00
1.003752827644348145e+00
1.003790259361267090e+00
1.003823876380920410e+00
9.986270666122436523e-01
9.987655878067016602e-01
9.989004135131835938e-01
9.990309476852416992e-01
9.991567134857177734e-01
9.992799758911132812e-01
9.993980526924133301e-01
9.995113611221313477e-01
9.996218681335449219e-01
9.997289180755615234e-01
9.998332262039184570e-01
9.999343752861022949e-01
1.000029921531677246e+00
1.000124335289001465e+00
1.000215768814086914e+00
1.000304222106933594e+00
1.000391006469726562e+00
1.000473380088806152e+00
1.000554084777832031e+00
1.000632643699645996e+00
1.000708341598510742e+00
1.000781178474426270e+00
1.000853657722473145e+00
1.000923275947570801e+00
1.000991106033325195e+00
1.001057386398315430e+00
1.001122236251831055e+00
9.997551441192626953e-01
9.998172521591186523e-01
9.998779892921447754e-01
9.999375939369201660e-01
9.999964237213134766e-01
1.000052213668823242e+00
1.000107765197753906e+00
1.000161290168762207e+00
1.000214457511901855e+00
1.000265359878540039e+00
1.000316619873046875e+00
1.000366210937500000e+00
1.000415325164794922e+00
1.000463008880615234e+00
1.000510692596435547e+00
1.000556826591491699e+00
1.000562906265258789e+00
1.000608205795288086e+00
1.000653862953186035e+00
1.000696778297424316e+00
1.000740528106689453e+00
1.000783085823059082e+00
1.000827074050903320e+00
1.000867486000061035e+00
1.000910043716430664e+00
1.000952124595642090e+00
1.000992774963378906e+00
1.001034379005432129e+00
1.001075029373168945e+00
1.001116037368774414e+00
1.001155972480773926e+00
1.001195192337036133e+00
9.996287822723388672e-01
9.996858835220336914e-01
9.997431635856628418e-01
9.997996687889099121e-01
9.998569488525390625e-01
9.999127388000488281e-01
9.999697208404541016e-01
1.000027060508728027e+00
1.000084638595581055e+00
1.000141382217407227e+00
9.995151162147521973e-01
9.995862245559692383e-01
9.996583461761474609e-01
9.997326731681823730e-01
9.998062849044799805e-01
9.998809099197387695e-01
9.999570846557617188e-01
1.000033974647521973e+00
1.000111103057861328e+00
1.000189781188964844e+00
1.000270009040832520e+00
1.000348806381225586e+00
1.000430583953857422e+00
1.000512599945068359e+00
1.000596523284912109e+00
1.000679731369018555e+00
1.000764489173889160e+00
1.000849246978759766e+00
1.000934839248657227e+00
1.001021981239318848e+00
1.001108169555664062e+00
1.001194715499877930e+00
1.001280784606933594e+00
1.001367092132568359e+00
1.001451969146728516e+00
1.001535892486572266e+00
1.001619100570678711e+00
1.001699924468994141e+00
1.001778602600097656e+00
1.001855134963989258e+00
1.001928925514221191e+00
1.001998901367187500e+00
1.002066373825073242e+00
1.002129912376403809e+00
1.002189993858337402e+00
1.002246141433715820e+00
1.002298712730407715e+00
1.002347230911254883e+00
1.002392172813415527e+00
1.002433180809020996e+00
1.002470374107360840e+00
1.002503871917724609e+00
1.002534389495849609e+00
1.002561569213867188e+00
1.002585053443908691e+00
1.002605557441711426e+00
1.002221345901489258e+00
1.002247333526611328e+00
1.002343893051147461e+00
1.002358436584472656e+00
1.002370238304138184e+00
1.002380132675170898e+00
1.002388000488281250e+00
1.002394437789916992e+00
1.002398371696472168e+00
1.002400159835815430e+00
1.002400875091552734e+00
1.002398252487182617e+00
1.002394437789916992e+00
1.002387881278991699e+00
1.002380132675170898e+00
1.002370119094848633e+00
1.002358198165893555e+00
1.002343893051147461e+00
1.002327442169189453e+00
1.002309441566467285e+00
1.002289295196533203e+00
1.002267241477966309e+00
1.002243161201477051e+00
1.002218127250671387e+00
1.002190709114074707e+00
1.002161979675292969e+00
1.002131938934326172e+00
1.002100229263305664e+00
1.002067804336547852e+00
1.002034544944763184e+00
1.002000927925109863e+00
1.001965761184692383e+00
1.001930356025695801e+00
1.001895546913146973e+00
1.001860618591308594e+00
1.001826167106628418e+00
1.001791954040527344e+00
1.001759171485900879e+00
1.001727342605590820e+00
1.001696348190307617e+00
1.001666665077209473e+00
1.001639366149902344e+00
1.001614093780517578e+00
1.001590490341186523e+00
1.001568436622619629e+00
1.001548647880554199e+00
1.001531362533569336e+00
1.001516342163085938e+00
1.001503825187683105e+00
1.001492857933044434e+00
1.001485347747802734e+00
1.001479268074035645e+00
1.001475691795349121e+00
1.001474618911743164e+00
1.001475095748901367e+00
1.001479148864746094e+00
1.001484632492065430e+00
1.001493453979492188e+00
1.001504421234130859e+00
1.001517534255981445e+00
1.001534223556518555e+00
1.001553773880004883e+00
1.001577019691467285e+00
1.001603364944458008e+00
1.001633167266845703e+00
1.001669287681579590e+00
1.001708984375000000e+00
1.001754403114318848e+00
1.001805543899536133e+00
1.001863479614257812e+00
1.001929044723510742e+00
1.002002239227294922e+00
1.002084255218505859e+00
1.002177000045776367e+00
1.002280235290527344e+00
1.002395629882812500e+00
1.002522468566894531e+00
1.002699255943298340e+00
1.002855420112609863e+00
1.003024220466613770e+00
1.003206014633178711e+00
1.003407478332519531e+00
1.003611922264099121e+00
1.003821372985839844e+00
1.004032850265502930e+00
1.004245638847351074e+00
1.004455089569091797e+00
1.004661321640014648e+00
1.004860997200012207e+00
1.005052447319030762e+00
1.005235195159912109e+00
1.005407810211181641e+00
1.005570292472839355e+00
1.005723357200622559e+00
1.005866527557373047e+00
1.005999326705932617e+00
1.006121516227722168e+00
1.006236314773559570e+00
1.006341099739074707e+00
1.006716609001159668e+00
1.006789684295654297e+00
1.006854772567749023e+00
1.006912469863891602e+00
1.006962537765502930e+00
1.005660772323608398e+00
1.006973505020141602e+00
1.007016420364379883e+00
1.007051587104797363e+00
1.007080554962158203e+00
1.007101416587829590e+00
1.007115483283996582e+00
1.007124662399291992e+00
1.007125258445739746e+00
1.007121086120605469e+00
1.007110476493835449e+00
1.007091045379638672e+00
1.007067918777465820e+00
1.007038831710815430e+00
1.007002830505371094e+00
1.006961464881896973e+00
1.006914854049682617e+00
1.006861805915832520e+00
1.006803393363952637e+00
1.006740093231201172e+00
1.006670951843261719e+00
1.006597757339477539e+00
1.006520986557006836e+00
1.006435871124267578e+00
1.006349682807922363e+00
1.006258487701416016e+00
1.006163239479064941e+00
1.006062269210815430e+00
1.005958676338195801e+00
1.005853176116943359e+00
1.005743741989135742e+00
1.005630850791931152e+00
1.005515336990356445e+00
1.005397677421569824e+00
1.005276679992675781e+00
1.005155324935913086e+00
1.005031824111938477e+00
1.004906892776489258e+00
1.004780054092407227e+00
1.004651069641113281e+00
1.004523277282714844e+00
1.004392504692077637e+00
1.004262089729309082e+00
1.004133343696594238e+00
1.004002094268798828e+00
1.003872036933898926e+00
1.003743171691894531e+00
1.003612995147705078e+00
1.003484249114990234e+00
1.003355503082275391e+00
1.003227114677429199e+00
1.003102779388427734e+00
1.002976179122924805e+00
1.002850770950317383e+00
1.002723574638366699e+00
1.002597928047180176e+00
1.002475500106811523e+00
1.002355098724365234e+00
1.002236366271972656e+00
1.002118825912475586e+00
1.002005457878112793e+00
1.001892328262329102e+00
1.001781344413757324e+00
1.001671552658081055e+00
1.001565694808959961e+00
1.001461029052734375e+00
1.001358985900878906e+00
1.001260042190551758e+00
1.001162528991699219e+00
1.001066565513610840e+00
1.000973701477050781e+00
1.000883698463439941e+00
1.000795841217041016e+00
1.000708937644958496e+00
1.000626802444458008e+00
1.000545620918273926e+00
1.000465393066406250e+00
1.000387787818908691e+00
1.000314354896545410e+00
1.000241041183471680e+00
1.000169992446899414e+00
1.000101804733276367e+00
1.000036716461181641e+00
9.999713897705078125e-01
9.999099373817443848e-01
9.998511672019958496e-01
9.997945427894592285e-01
9.997380375862121582e-01
9.996837377548217773e-01
9.996336102485656738e-01
9.995840191841125488e-01
9.995355010032653809e-01
9.994900226593017578e-01
9.994467496871948242e-01
9.994040727615356445e-01
9.993640780448913574e-01
9.993245005607604980e-01
9.992874860763549805e-01
9.992510080337524414e-01
9.992157220840454102e-01
9.991838335990905762e-01
9.991537928581237793e-01
9.990478754043579102e-01
9.990165829658508301e-01
9.989849925041198730e-01
9.989571571350097656e-01
9.989290833473205566e-01
9.989037513732910156e-01
9.988783001899719238e-01
9.988545179367065430e-01
9.988316893577575684e-01
9.988109469413757324e-01
9.987887144088745117e-01
9.987691640853881836e-01
9.987500309944152832e-01
9.987308382987976074e-01
9.987150430679321289e-01
9.986989498138427734e-01
9.987049698829650879e-01
9.986910223960876465e-01
9.986733794212341309e-01
9.986582398414611816e-01
9.986442923545837402e-01
9.986293315887451172e-01
9.986157417297363281e-01
9.986004829406738281e-01
9.985870122909545898e-01
9.985737800598144531e-01
9.985607862472534180e-01
9.985474944114685059e-01
9.985339641571044922e-01
9.985191822052001953e-01
9.985057115554809570e-01
9.984915852546691895e-01
9.984785914421081543e-01
9.984638094902038574e-01
9.984479546546936035e-01
9.984315633773803711e-01
9.984158277511596680e-01
9.983997344970703125e-01
9.983823895454406738e-01
9.983634948730468750e-01
9.983453154563903809e-01
9.983245730400085449e-01
9.983046054840087891e-01
9.982822537422180176e-01
9.982588887214660645e-01
9.982347488403320312e-01
9.982088208198547363e-01
9.981824159622192383e-01
9.981543421745300293e-01
9.981232881546020508e-01
9.980909824371337891e-01
9.980596303939819336e-01
9.980236887931823730e-01
9.979860782623291016e-01
9.979462027549743652e-01
9.979040622711181641e-01
9.978609085083007812e-01
9.978134036064147949e-01
9.977639317512512207e-01
9.976969957351684570e-01
9.976415038108825684e-01
9.975837469100952148e-01
9.975228309631347656e-01
9.974588155746459961e-01
9.973887801170349121e-01
9.973180294036865234e-01
9.972392916679382324e-01
9.971573352813720703e-01
9.970716834068298340e-01
9.969804286956787109e-01
9.968833923339843750e-01
9.967816472053527832e-01
9.966722726821899414e-01
9.964786767959594727e-01
9.962720870971679688e-01
9.961408376693725586e-01
9.960006475448608398e-01
9.958534240722656250e-01
9.956988096237182617e-01
9.955047965049743652e-01
9.953436255455017090e-01
9.951751232147216797e-01
9.949957132339477539e-01
9.948071837425231934e-01
9.946060180664062500e-01
9.943948388099670410e-01
9.941706657409667969e-01
9.939348697662353516e-01
9.937033653259277344e-01
9.934388399124145508e-01
9.931586980819702148e-01
9.928642511367797852e-01
9.925569891929626465e-01
9.922646880149841309e-01
9.919267296791076660e-01
9.915726184844970703e-01
9.912026524543762207e-01
9.908195137977600098e-01
9.904233813285827637e-01
9.900175929069519043e-01
9.896065592765808105e-01
9.891949892044067383e-01
9.887861609458923340e-01
9.883868098258972168e-01
9.880019426345825195e-01
9.876363873481750488e-01
9.872943162918090820e-01
9.869796633720397949e-01
9.866946339607238770e-01
9.864395856857299805e-01
9.862157106399536133e-01
9.860228300094604492e-01
9.858580827713012695e-01
9.857221841812133789e-01
9.856091141700744629e-01
9.855217337608337402e-01
9.854559898376464844e-01
9.854109287261962891e-01
9.853825569152832031e-01
9.853701591491699219e-01
9.853726625442504883e-01
9.853861331939697266e-01
9.854121208190917969e-01
9.854481220245361328e-01
9.854919910430908203e-01
9.855430126190185547e-01
9.856012463569641113e-01
9.856626987457275391e-01
9.857308268547058105e-01
9.858040809631347656e-01
9.858779311180114746e-01
9.859533309936523438e-01
9.860319495201110840e-01
9.861110448837280273e-01
9.861903190612792969e-01
9.862696528434753418e-01
9.863480925559997559e-01
9.864258766174316406e-01
9.865021705627441406e-01
9.865756034851074219e-01
9.866493344306945801e-01
9.867183566093444824e-01
9.867848157882690430e-01
9.868488311767578125e-01
9.869090318679809570e-01
9.869658350944519043e-01
9.870166778564453125e-01
9.870644211769104004e-01
9.871076345443725586e-01
9.871441721916198730e-01
9.871760606765747070e-01
9.872013330459594727e-01
9.872211217880249023e-01
9.872349500656127930e-01
9.872413873672485352e-01
9.872424602508544922e-01
9.872323274612426758e-01
9.872189164161682129e-01
9.871954321861267090e-01
9.871654510498046875e-01
9.871275424957275391e-01
9.870819449424743652e-01
9.870282411575317383e-01
9.869685173034667969e-01
9.869011640548706055e-01
9.858227968215942383e-01
9.858103990554809570e-01
9.857927560806274414e-01
9.857679605484008789e-01
9.857375621795654297e-01
9.857013225555419922e-01
9.856624007225036621e-01
9.856182336807250977e-01
9.855732917785644531e-01
9.855279326438903809e-01
9.854834079742431641e-01
9.862167835235595703e-01
9.861948490142822266e-01
9.861754775047302246e-01
9.861572384834289551e-01
9.861462712287902832e-01
9.861403107643127441e-01
9.861414432525634766e-01
9.861497282981872559e-01
9.861688613891601562e-01
9.862388372421264648e-01
9.862802028656005859e-01
9.863354563713073730e-01
9.864007234573364258e-01
9.864764213562011719e-01
9.865647554397583008e-01
9.866639971733093262e-01
9.867742061614990234e-01
9.868971109390258789e-01
9.870287179946899414e-01
9.871731400489807129e-01
9.873251914978027344e-01
9.874894022941589355e-01
9.876622557640075684e-01
9.878447055816650391e-01
9.880359172821044922e-01
9.882344007492065430e-01
9.884396195411682129e-01
9.886537194252014160e-01
9.888731837272644043e-01
9.890997409820556641e-01
9.893314838409423828e-01
9.895691871643066406e-01
9.898110032081604004e-01
9.900581836700439453e-01
9.903082847595214844e-01
9.905620813369750977e-01
9.908189773559570312e-01
9.910793900489807129e-01
9.913407564163208008e-01
9.916042685508728027e-01
9.918704032897949219e-01
9.921371936798095703e-01
9.924036264419555664e-01
9.926719665527343750e-01
9.929383397102355957e-01
9.932045340538024902e-01
9.934713244438171387e-01
9.937372207641601562e-01
9.939993619918823242e-01
9.942617416381835938e-01
9.945222139358520508e-01
9.947785139083862305e-01
9.950336813926696777e-01
9.952850341796875000e-01
9.955335259437561035e-01
9.957782030105590820e-01
9.960172772407531738e-01
9.962544441223144531e-01
9.964870214462280273e-01
9.967135787010192871e-01
9.969360828399658203e-01
9.971555471420288086e-01
9.973675012588500977e-01
9.975739121437072754e-01
9.961683154106140137e-01
9.964092373847961426e-01
9.966431856155395508e-01
9.968723058700561523e-01
9.970942139625549316e-01
9.973093271255493164e-01
9.975185394287109375e-01
9.977213144302368164e-01
9.979175329208374023e-01
9.981069564819335938e-01
9.982914924621582031e-01
9.984684586524963379e-01
9.986388087272644043e-01
9.988040924072265625e-01
9.989629387855529785e-01
9.991173744201660156e-01
9.992647171020507812e-01
9.994057416915893555e-01
9.995427727699279785e-01
9.996732473373413086e-01
9.997993707656860352e-01
9.999210238456726074e-01
1.000036001205444336e+00
1.000146389007568359e+00
1.000253558158874512e+00
1.000354647636413574e+00
1.000453114509582520e+00
1.000545859336853027e+00
1.000634551048278809e+00
1.000719428062438965e+00
1.000801682472229004e+00
1.000878810882568359e+00
1.000952363014221191e+00
1.001022934913635254e+00
1.001090764999389648e+00
1.001154661178588867e+00
1.001216173171997070e+00
1.001273989677429199e+00
1.001329183578491211e+00
1.001381754875183105e+00
1.001432418823242188e+00
1.001479625701904297e+00
1.001525044441223145e+00
1.001568198204040527e+00
1.001608729362487793e+00
1.001646876335144043e+00
1.001683115959167480e+00
1.001717925071716309e+00
1.001750826835632324e+00
1.001782059669494629e+00
1.001811742782592773e+00
1.001839160919189453e+00
1.001866698265075684e+00
1.001891493797302246e+00
1.001914978027343750e+00
1.001937031745910645e+00
1.001955270767211914e+00
1.001978635787963867e+00
1.002000808715820312e+00
1.002022862434387207e+00
1.002043485641479492e+00
1.002062678337097168e+00
1.002082347869873047e+00
1.002100586891174316e+00
1.002117514610290527e+00
1.002133846282958984e+00
1.002150177955627441e+00
1.002165317535400391e+00
1.002179265022277832e+00
1.002194046974182129e+00
1.002207398414611816e+00
1.002221226692199707e+00
1.002233982086181641e+00
1.002246618270874023e+00
1.002258300781250000e+00
1.002271413803100586e+00
1.002282738685607910e+00
1.002294421195983887e+00
1.002305269241333008e+00
1.002316713333129883e+00
1.002327442169189453e+00
1.002339005470275879e+00
1.002349376678466797e+00
1.002360820770263672e+00
1.002371072769165039e+00
1.002382278442382812e+00
1.002393364906311035e+00
1.002404451370239258e+00
1.002415180206298828e+00
1.002426266670227051e+00
1.002437472343444824e+00
1.002448558807373047e+00
1.002461671829223633e+00
1.002476453781127930e+00
1.002488255500793457e+00
1.002500057220458984e+00
1.002511858940124512e+00
1.002524733543395996e+00
1.002537131309509277e+00
1.002549767494201660e+00
1.002561688423156738e+00
1.002573728561401367e+00
1.002586603164672852e+00
1.002599477767944336e+00
1.002611756324768066e+00
1.002624630928039551e+00
1.002636790275573730e+00
1.002649068832397461e+00
1.002661466598510742e+00
1.002673387527465820e+00
1.002685785293579102e+00
1.002697348594665527e+00
1.002708435058593750e+00
1.002719640731811523e+00
1.002731204032897949e+00
1.002741456031799316e+00
1.002751708030700684e+00
1.002761483192443848e+00
1.002770543098449707e+00
1.002779960632324219e+00
1.002787947654724121e+00
1.002796411514282227e+00
1.002803564071655273e+00
1.002810359001159668e+00
1.002815961837768555e+00
1.002821683883666992e+00
1.002826213836669922e+00
1.002829909324645996e+00
1.002832889556884766e+00
1.002835512161254883e+00
1.002837657928466797e+00
1.002837538719177246e+00
1.002837419509887695e+00
1.002835869789123535e+00
1.002833843231201172e+00
1.002830624580383301e+00
1.002826452255249023e+00
1.002820849418640137e+00
1.002814292907714844e+00
1.002806544303894043e+00
1.002797722816467285e+00
1.002788186073303223e+00
1.002776861190795898e+00
1.002764105796813965e+00
1.002751231193542480e+00
1.002735853195190430e+00
1.002720236778259277e+00
1.002702593803405762e+00
1.002683162689208984e+00
1.002663254737854004e+00
1.002641677856445312e+00
1.002618908882141113e+00
1.002594947814941406e+00
1.002569198608398438e+00
1.002542376518249512e+00
1.002514958381652832e+00
1.002485394477844238e+00
1.002455234527587891e+00
1.002423167228698730e+00
1.002390265464782715e+00
1.002356648445129395e+00
1.002321481704711914e+00
1.002286076545715332e+00
1.002248287200927734e+00
1.002210617065429688e+00
1.002171874046325684e+00
1.002133011817932129e+00
1.002092957496643066e+00
1.002058029174804688e+00
1.002016782760620117e+00
1.001975297927856445e+00
1.001934051513671875e+00
1.001891732215881348e+00
1.001850605010986328e+00
1.001809358596801758e+00
1.001767277717590332e+00
1.001727461814880371e+00
1.001688361167907715e+00
1.001648902893066406e+00
1.001611113548278809e+00
1.001574516296386719e+00
1.001538515090942383e+00
1.001504302024841309e+00
1.001471877098083496e+00
1.001607656478881836e+00
1.001559972763061523e+00
1.001514792442321777e+00
1.001473546028137207e+00
1.001436948776245117e+00
1.001403093338012695e+00
1.001372098922729492e+00
1.001346230506896973e+00
1.001324295997619629e+00
1.001305580139160156e+00
1.001289963722229004e+00
1.001278400421142578e+00
1.001271605491638184e+00
1.001267671585083008e+00
1.001267552375793457e+00
1.001271128654479980e+00
1.001278400421142578e+00
1.001289725303649902e+00
1.001305103302001953e+00
1.001322388648986816e+00
1.001343727111816406e+00
1.001368284225463867e+00
1.001395821571350098e+00
1.001427173614501953e+00
1.001460552215576172e+00
1.001495718955993652e+00
1.001536130905151367e+00
1.001575827598571777e+00
1.001619458198547363e+00
1.001664757728576660e+00
1.001711606979370117e+00
1.001760005950927734e+00
1.001809835433959961e+00
1.001860857009887695e+00
1.001913309097290039e+00
1.001965761184692383e+00
1.002018928527832031e+00
1.002073049545288086e+00
1.002125144004821777e+00
1.002179622650146484e+00
1.002231478691101074e+00
1.002284049987792969e+00
1.002335548400878906e+00
1.002386331558227539e+00
1.002436518669128418e+00
1.002484917640686035e+00
1.002532243728637695e+00
1.002578020095825195e+00
1.002622842788696289e+00
1.002665281295776367e+00
1.002706885337829590e+00
1.002746820449829102e+00
1.002784609794616699e+00
1.002821445465087891e+00
1.002856731414794922e+00
1.002889037132263184e+00
1.002920508384704590e+00
1.002950191497802734e+00
1.002978563308715820e+00
1.003004908561706543e+00
1.003029704093933105e+00
1.003052353858947754e+00
1.003073811531066895e+00
1.003093481063842773e+00
1.003111362457275391e+00
1.003128528594970703e+00
1.003142952919006348e+00
1.003156542778015137e+00
1.003169178962707520e+00
1.003179192543029785e+00
1.003187537193298340e+00
1.003195166587829590e+00
1.003200888633728027e+00
1.003205776214599609e+00
1.003208875656127930e+00
1.003209948539733887e+00
1.003210425376892090e+00
1.003208518028259277e+00
1.003205180168151855e+00
1.003201127052307129e+00
1.003194928169250488e+00
1.003187537193298340e+00
1.003178954124450684e+00
1.003168940544128418e+00
1.003157258033752441e+00
1.003144145011901855e+00
1.003129363059997559e+00
1.003113746643066406e+00
1.003095865249633789e+00
1.003077626228332520e+00
1.003056883811950684e+00
1.003036141395568848e+00
1.003013491630554199e+00
1.002989530563354492e+00
1.002964019775390625e+00
1.002937793731689453e+00
1.002909779548645020e+00
1.002881407737731934e+00
1.002851128578186035e+00
1.002820253372192383e+00
1.002789258956909180e+00
1.002756357192993164e+00
1.002722740173339844e+00
1.002688527107238770e+00
1.002653121948242188e+00
1.002617359161376953e+00
1.002581715583801270e+00
1.002544760704040527e+00
1.002507805824279785e+00
1.002471327781677246e+00
1.002433180809020996e+00
1.002396345138549805e+00
1.002358436584472656e+00
1.002321362495422363e+00
1.002284288406372070e+00
1.002247810363769531e+00
1.002210855484008789e+00
1.002175331115722656e+00
1.002139925956726074e+00
1.002105951309204102e+00
1.002072095870971680e+00
1.002039313316345215e+00
1.002007246017456055e+00
1.001976609230041504e+00
1.001947283744812012e+00
1.001919031143188477e+00
1.001891374588012695e+00
1.001865506172180176e+00
1.001841425895690918e+00
1.001819133758544922e+00
1.001797676086425781e+00
1.001777768135070801e+00
1.001759409904479980e+00
1.001742601394653320e+00
1.001727938652038574e+00
1.001715064048767090e+00
1.001702904701232910e+00
1.001693129539489746e+00
1.001685023307800293e+00
1.001679301261901855e+00
1.001674413681030273e+00
1.001671910285949707e+00
1.001670837402343750e+00
1.001671314239501953e+00
1.001673340797424316e+00
1.001676797866821289e+00
1.001682281494140625e+00
1.001689791679382324e+00
1.001698493957519531e+00
1.001707673072814941e+00
1.001719713211059570e+00
1.001733183860778809e+00
1.001747369766235352e+00
1.001763463020324707e+00
1.001780748367309570e+00
1.001799106597900391e+00
1.001818656921386719e+00
1.001840591430664062e+00
1.001861929893493652e+00
1.001884937286376953e+00
1.001938939094543457e+00
1.001964807510375977e+00
1.001991510391235352e+00
1.002019047737121582e+00
1.002047657966613770e+00
1.002076864242553711e+00
1.002106904983520508e+00
1.002137184143066406e+00
1.002169132232666016e+00
1.002202272415161133e+00
1.002235531806945801e+00
1.002268791198730469e+00
1.002303481101989746e+00
1.002338528633117676e+00
1.002174854278564453e+00
1.002203345298767090e+00
1.002231240272521973e+00
1.002194404602050781e+00
1.002225399017333984e+00
1.002255916595458984e+00
1.002286553382873535e+00
1.001886606216430664e+00
1.001929044723510742e+00
1.001971006393432617e+00
1.002012968063354492e+00
1.002053976058959961e+00
1.002095341682434082e+00
1.001207113265991211e+00
1.001267313957214355e+00
1.001326322555541992e+00
1.001384019851684570e+00
1.001440882682800293e+00
1.001497626304626465e+00
1.001553058624267578e+00
1.001606941223144531e+00
1.001660585403442383e+00
1.001713037490844727e+00
1.001764535903930664e+00
1.001815319061279297e+00
1.001865148544311523e+00
1.001913905143737793e+00
1.001454949378967285e+00
1.001510858535766602e+00
1.001566171646118164e+00
1.001620531082153320e+00
1.001673221588134766e+00
1.001724958419799805e+00
1.001774907112121582e+00
1.001824617385864258e+00
1.001872539520263672e+00
1.001918673515319824e+00
1.001964569091796875e+00
1.002007722854614258e+00
1.002050638198852539e+00
1.002091646194458008e+00
1.002131462097167969e+00
1.002170443534851074e+00
1.002207517623901367e+00
1.002244114875793457e+00
1.002279043197631836e+00
1.002312421798706055e+00
1.002344727516174316e+00
1.002375841140747070e+00
1.002405405044555664e+00
1.002433776855468750e+00
1.002462029457092285e+00
1.002489089965820312e+00
1.002514958381652832e+00
1.001565694808959961e+00
1.001603722572326660e+00
1.001635551452636719e+00
1.001670122146606445e+00
1.001704216003417969e+00
1.001737475395202637e+00
1.001174926757812500e+00
1.001215219497680664e+00
1.001255035400390625e+00
1.001294255256652832e+00
1.001333475112915039e+00
1.001372098922729492e+00
1.001410365104675293e+00
1.001448631286621094e+00
1.001486659049987793e+00
1.001525878906250000e+00
1.001563668251037598e+00
1.001602649688720703e+00
1.001641154289245605e+00
1.001679897308349609e+00
1.001719594001770020e+00
1.001758098602294922e+00
1.001797795295715332e+00
1.001836538314819336e+00
1.001876235008239746e+00
1.001914262771606445e+00
1.001953005790710449e+00
1.001991152763366699e+00
1.002028703689575195e+00
1.002064585685729980e+00
1.002100229263305664e+00
1.002136230468750000e+00
1.002170085906982422e+00
1.002202272415161133e+00
1.002234458923339844e+00
1.002264499664306641e+00
1.002293109893798828e+00
1.002318978309631348e+00
1.002344846725463867e+00
1.002368092536926270e+00
1.002389430999755859e+00
1.002368569374084473e+00
1.002389550209045410e+00
1.002407312393188477e+00
1.002423644065856934e+00
1.002436399459838867e+00
1.002449035644531250e+00
1.002329826354980469e+00
1.002332806587219238e+00
1.002332568168640137e+00
1.002331256866455078e+00
1.002639174461364746e+00
1.002610445022583008e+00
1.002507328987121582e+00
1.002475261688232422e+00
1.002443075180053711e+00
1.002409219741821289e+00
1.002374053001403809e+00
1.002338767051696777e+00
1.002301216125488281e+00
1.002263665199279785e+00
1.002224922180175781e+00
1.002186417579650879e+00
1.002146124839782715e+00
1.002105474472045898e+00
1.002064228057861328e+00
1.002021789550781250e+00
1.001980304718017578e+00
1.002218127250671387e+00
1.002305746078491211e+00
1.002264857292175293e+00
1.002223253250122070e+00
1.002182126045227051e+00
1.002140760421752930e+00
1.002098560333251953e+00
1.002057075500488281e+00
1.002016305923461914e+00
1.001974821090698242e+00
1.001933217048645020e+00
1.001892328262329102e+00
1.001851677894592285e+00
1.001811504364013672e+00
1.001771450042724609e+00
1.001731991767883301e+00
1.001693010330200195e+00
1.005146741867065430e+00
1.005041122436523438e+00
1.004936695098876953e+00
1.004834055900573730e+00
1.004732131958007812e+00
1.004631161689758301e+00
1.004531621932983398e+00
1.004433512687683105e+00
1.004335522651672363e+00
1.004240155220031738e+00
1.004144191741943359e+00
1.004051446914672852e+00
1.003959894180297852e+00
1.003869652748107910e+00
1.003780961036682129e+00
1.004482030868530273e+00
1.004398822784423828e+00
1.004317164421081543e+00
1.004237174987792969e+00
1.004173636436462402e+00
1.004095077514648438e+00
1.004019021987915039e+00
1.003945827484130859e+00
1.003872752189636230e+00
1.003801703453063965e+00
1.003733038902282715e+00
1.003666639328002930e+00
1.003600955009460449e+00
1.003624200820922852e+00
1.010799169540405273e+00
1.010612487792968750e+00
1.010430097579956055e+00
1.010250449180603027e+00
1.010073065757751465e+00
1.009898304939270020e+00
1.009727597236633301e+00
1.009558439254760742e+00
1.009392380714416504e+00
1.009229183197021484e+00
1.009068965911865234e+00
1.008912324905395508e+00
1.008756637573242188e+00
1.008605837821960449e+00
1.008457541465759277e+00
1.008312225341796875e+00
1.013449788093566895e+00
1.013198614120483398e+00
1.012950897216796875e+00
1.012707233428955078e+00
1.012466669082641602e+00
1.012229323387145996e+00
1.011996626853942871e+00
1.011766910552978516e+00
1.011541962623596191e+00
1.011320590972900391e+00
1.011103630065917969e+00
1.010891556739807129e+00
1.016064882278442383e+00
1.015873193740844727e+00
1.015680313110351562e+00
1.015485644340515137e+00
1.015291810035705566e+00
1.017663836479187012e+00
1.017450809478759766e+00
1.017234086990356445e+00
1.017927527427673340e+00
1.017766356468200684e+00
1.017605304718017578e+00
1.017425417900085449e+00
1.017234563827514648e+00
1.017035484313964844e+00
1.016826868057250977e+00
1.016608715057373047e+00
1.016381025314331055e+00
1.016145348548889160e+00
1.015900135040283203e+00
1.015647530555725098e+00
1.015386104583740234e+00
1.015118598937988281e+00
1.014845609664916992e+00
1.014567494392395020e+00
1.014285802841186523e+00
1.014001131057739258e+00
1.013717174530029297e+00
1.013449907302856445e+00
1.013169288635253906e+00
1.012892365455627441e+00
1.012619256973266602e+00
1.012353420257568359e+00
1.012092590332031250e+00
1.011840581893920898e+00
1.011598467826843262e+00
1.011325955390930176e+00
1.011106371879577637e+00
1.010897755622863770e+00
1.010701060295104980e+00
1.010516405105590820e+00
1.010342717170715332e+00
1.010182023048400879e+00
1.010042309761047363e+00
1.009900093078613281e+00
1.009771108627319336e+00
1.009651541709899902e+00
1.009541869163513184e+00
1.009440302848815918e+00
1.009348392486572266e+00
1.009265184402465820e+00
1.009189009666442871e+00
1.009121179580688477e+00
1.009058833122253418e+00
1.009003281593322754e+00
1.008951783180236816e+00
1.008906602859497070e+00
1.008866429328918457e+00
1.008829474449157715e+00
1.008797287940979004e+00
1.008768796920776367e+00
1.008742570877075195e+00
1.008718967437744141e+00
1.008699297904968262e+00
1.008680939674377441e+00
1.008664488792419434e+00
1.008651018142700195e+00
1.008637547492980957e+00
1.008626818656921387e+00
1.008616209030151367e+00
1.008607625961303711e+00
1.008599162101745605e+00
1.008592247962951660e+00
1.008585214614868164e+00
1.008579373359680176e+00
1.008573651313781738e+00
1.008568644523620605e+00
1.004058241844177246e+00
1.004183292388916016e+00
1.004304647445678711e+00
1.002932190895080566e+00
1.003077864646911621e+00
1.003218054771423340e+00
1.003353834152221680e+00
1.003485321998596191e+00
1.003613591194152832e+00
1.003736615180969238e+00
1.003856420516967773e+00
1.003971576690673828e+00
1.004084587097167969e+00
1.004192590713500977e+00
1.004297256469726562e+00
1.004398465156555176e+00
1.004496455192565918e+00
1.002519130706787109e+00
1.002669095993041992e+00
1.002814769744873047e+00
1.002954721450805664e+00
1.003090620040893555e+00
1.003221035003662109e+00
1.003348588943481445e+00
1.003326416015625000e+00
1.003448486328125000e+00
1.003563284873962402e+00
1.003676772117614746e+00
1.003785133361816406e+00
1.001840949058532715e+00
1.001979589462280273e+00
1.002113223075866699e+00
1.002243041992187500e+00
1.002366304397583008e+00
1.002487182617187500e+00
1.002603530883789062e+00
1.002712965011596680e+00
1.002819776535034180e+00
1.002923011779785156e+00
1.003020524978637695e+00
1.003115057945251465e+00
1.003205537796020508e+00
1.002813100814819336e+00
1.002884387969970703e+00
1.002972126007080078e+00
1.003056168556213379e+00
1.003135800361633301e+00
1.002372622489929199e+00
1.002462863922119141e+00
1.002548575401306152e+00
1.002630472183227539e+00
1.002707958221435547e+00
1.002782821655273438e+00
1.002852797508239746e+00
1.002919793128967285e+00
1.002983212471008301e+00
1.003044128417968750e+00
1.003101348876953125e+00
1.003154039382934570e+00
1.003205299377441406e+00
1.003253459930419922e+00
1.003298044204711914e+00
9.993796348571777344e-01
9.995026588439941406e-01
9.996243715286254883e-01
9.997409582138061523e-01
9.998522996902465820e-01
9.999616146087646484e-01
1.000066041946411133e+00
1.000168085098266602e+00
1.000265598297119141e+00
1.000360131263732910e+00
1.000452041625976562e+00
1.000540733337402344e+00
1.000625491142272949e+00
1.000708341598510742e+00
1.000789165496826172e+00
1.000864982604980469e+00
1.000941038131713867e+00
1.001012325286865234e+00
1.001082658767700195e+00
1.001151204109191895e+00
1.001216888427734375e+00
1.001281976699829102e+00
1.001343488693237305e+00
1.001404047012329102e+00
1.001462697982788086e+00
1.001518607139587402e+00
1.001574158668518066e+00
1.000804066658020020e+00
1.000846982002258301e+00
1.000886917114257812e+00
1.000926852226257324e+00
1.000964641571044922e+00
1.001002073287963867e+00
1.001039028167724609e+00
1.001074314117431641e+00
1.001109361648559570e+00
1.001143336296081543e+00
1.001176953315734863e+00
1.001210212707519531e+00
1.001241803169250488e+00
1.001273393630981445e+00
1.001304626464843750e+00
1.001335620880126953e+00
1.001340627670288086e+00
1.001370668411254883e+00
1.001400232315063477e+00
1.001429319381713867e+00
1.001458525657653809e+00
1.001487493515014648e+00
1.001515865325927734e+00
1.001544475555419922e+00
1.001572847366333008e+00
1.001601576805114746e+00
1.001630187034606934e+00
1.001658916473388672e+00
1.001686811447143555e+00
1.001715302467346191e+00
1.001742839813232422e+00
1.001772284507751465e+00
1.000643968582153320e+00
1.000681042671203613e+00
1.000717997550964355e+00
1.000755548477172852e+00
1.000792980194091797e+00
1.000830292701721191e+00
1.000869750976562500e+00
1.000909090042114258e+00
1.000947594642639160e+00
1.000988364219665527e+00
1.000602841377258301e+00
1.000653266906738281e+00
1.000705003738403320e+00
1.000756859779357910e+00
1.000810146331787109e+00
1.000863790512084961e+00
1.000920414924621582e+00
1.000978112220764160e+00
1.001036643981933594e+00
1.001096963882446289e+00
1.001157879829406738e+00
1.001220703125000000e+00
1.001284718513488770e+00
1.001349687576293945e+00
1.001416444778442383e+00
1.001482963562011719e+00
1.001552104949951172e+00
1.001621484756469727e+00
1.001692652702331543e+00
1.001762628555297852e+00
1.001835584640502930e+00
1.001907467842102051e+00
1.001980185508728027e+00
1.002052068710327148e+00
1.002124190330505371e+00
1.002194762229919434e+00
1.002264618873596191e+00
1.002333283424377441e+00
1.002399921417236328e+00
1.002464294433593750e+00
1.002526521682739258e+00
1.002586364746093750e+00
1.002642035484313965e+00
1.002695083618164062e+00
1.002744555473327637e+00
1.002790808677673340e+00
1.002832770347595215e+00
1.002871036529541016e+00
1.002906203269958496e+00
1.002937674522399902e+00
1.002965807914733887e+00
1.002989888191223145e+00
1.003011703491210938e+00
1.003029108047485352e+00
1.003044009208679199e+00
1.003056049346923828e+00
1.002764701843261719e+00
1.002779841423034668e+00
1.002851486206054688e+00
1.002856373786926270e+00
1.002858400344848633e+00
1.002858877182006836e+00
1.002858161926269531e+00
1.002855181694030762e+00
1.002850055694580078e+00
1.002843499183654785e+00
1.002835273742675781e+00
1.002824664115905762e+00
1.002812266349792480e+00
1.002798676490783691e+00
1.002783060073852539e+00
1.002764821052551270e+00
1.002745270729064941e+00
1.002723813056945801e+00
1.002700448036193848e+00
1.002675294876098633e+00
1.002648472785949707e+00
1.002620100975036621e+00
1.002589225769042969e+00
1.002557754516601562e+00
1.002523660659790039e+00
1.002489209175109863e+00
1.002452731132507324e+00
1.002415180206298828e+00
1.002376794815063477e+00
1.002337217330932617e+00
1.002297163009643555e+00
1.002256870269775391e+00
1.002216577529907227e+00
1.002175807952880859e+00
1.002134799957275391e+00
1.002095580101013184e+00
1.002055883407592773e+00
1.002017617225646973e+00
1.001980304718017578e+00
1.001943945884704590e+00
1.001909255981445312e+00
1.001876950263977051e+00
1.001845955848693848e+00
1.001817226409912109e+00
1.001790404319763184e+00
1.001766085624694824e+00
1.001744031906127930e+00
1.001723647117614746e+00
1.001706600189208984e+00
1.001691579818725586e+00
1.001678586006164551e+00
1.001668810844421387e+00
1.001660823822021484e+00
1.001655101776123047e+00
1.001652598381042480e+00
1.001651644706726074e+00
1.001653194427490234e+00
1.001657485961914062e+00
1.001664638519287109e+00
1.001674056053161621e+00
1.001686334609985352e+00
1.001702308654785156e+00
1.001721978187561035e+00
1.001743793487548828e+00
1.001771450042724609e+00
1.001801848411560059e+00
1.001837849617004395e+00
1.001878380775451660e+00
1.001926064491271973e+00
1.001978993415832520e+00
1.002040028572082520e+00
1.002108812332153320e+00
1.002186298370361328e+00
1.002273082733154297e+00
1.002371788024902344e+00
1.002481222152709961e+00
1.002602815628051758e+00
1.002762317657470703e+00
1.002912759780883789e+00
1.003075838088989258e+00
1.003252267837524414e+00
1.003440856933593750e+00
1.003715157508850098e+00
1.003920316696166992e+00
1.004128456115722656e+00
1.004337310791015625e+00
1.004545927047729492e+00
1.004749298095703125e+00
1.004954218864440918e+00
1.005145430564880371e+00
1.005327343940734863e+00
1.005499362945556641e+00
1.005661487579345703e+00
1.005814313888549805e+00
1.005956649780273438e+00
1.006089687347412109e+00
1.006212949752807617e+00
1.006327033042907715e+00
1.006431341171264648e+00
1.006729245185852051e+00
1.006804227828979492e+00
1.006869196891784668e+00
1.006928324699401855e+00
1.006980061531066895e+00
1.006557464599609375e+00
1.007371068000793457e+00
1.007408022880554199e+00
1.007437109947204590e+00
1.007458806037902832e+00
1.007474303245544434e+00
1.007481813430786133e+00
1.007485151290893555e+00
1.007480144500732422e+00
1.007468938827514648e+00
1.007454276084899902e+00
1.007429718971252441e+00
1.007401466369628906e+00
1.007366418838500977e+00
1.007325172424316406e+00
1.007279157638549805e+00
1.007226228713989258e+00
1.007170081138610840e+00
1.007106304168701172e+00
1.007039785385131836e+00
1.006966352462768555e+00
1.006888389587402344e+00
1.006805062294006348e+00
1.006718754768371582e+00
1.006627321243286133e+00
1.006530165672302246e+00
1.006431102752685547e+00
1.006327152252197266e+00
1.006220340728759766e+00
1.006110072135925293e+00
1.005997538566589355e+00
1.005880713462829590e+00
1.005762219429016113e+00
1.005639553070068359e+00
1.005516052246093750e+00
1.005388975143432617e+00
1.005260825157165527e+00
1.005133867263793945e+00
1.005001664161682129e+00
1.004871368408203125e+00
1.004738330841064453e+00
1.004605054855346680e+00
1.004472255706787109e+00
1.004337906837463379e+00
1.004203796386718750e+00
1.004070878028869629e+00
1.003937482833862305e+00
1.003804564476013184e+00
1.003669977188110352e+00
1.003539562225341797e+00
1.003409981727600098e+00
1.003279924392700195e+00
1.003151535987854004e+00
1.003023386001586914e+00
1.002893567085266113e+00
1.002767086029052734e+00
1.002640962600708008e+00
1.002516388893127441e+00
1.002393484115600586e+00
1.002274513244628906e+00
1.002155303955078125e+00
1.002041459083557129e+00
1.001926183700561523e+00
1.001814842224121094e+00
1.001706480979919434e+00
1.001597881317138672e+00
1.001494407653808594e+00
1.001392960548400879e+00
1.001291394233703613e+00
1.001192927360534668e+00
1.001098513603210449e+00
1.001004695892333984e+00
1.000913143157958984e+00
1.000825881958007812e+00
1.000739812850952148e+00
1.000654578208923340e+00
1.000573158264160156e+00
1.000494956970214844e+00
1.000417351722717285e+00
1.000343799591064453e+00
1.000270128250122070e+00
1.000200271606445312e+00
1.000131368637084961e+00
1.000065565109252930e+00
1.000002980232238770e+00
9.999399781227111816e-01
9.998812079429626465e-01
9.998223781585693359e-01
9.997671842575073242e-01
9.997138977050781250e-01
9.996622800827026367e-01
9.996131062507629395e-01
9.995661973953247070e-01
9.995186924934387207e-01
9.994758367538452148e-01
9.994323253631591797e-01
9.993920326232910156e-01
9.993512630462646484e-01
9.993158578872680664e-01
9.992796182632446289e-01
9.992461204528808594e-01
9.992148280143737793e-01
9.991827607154846191e-01
9.985221624374389648e-01
9.985035657882690430e-01
9.984838366508483887e-01
9.984656572341918945e-01
9.984492063522338867e-01
9.984326362609863281e-01
9.984174370765686035e-01
9.984022378921508789e-01
9.983897209167480469e-01
9.983775615692138672e-01
9.983655214309692383e-01
9.983544349670410156e-01
9.983444213867187500e-01
9.983344078063964844e-01
9.983250498771667480e-01
9.983249902725219727e-01
9.983166456222534180e-01
9.983077049255371094e-01
9.983007311820983887e-01
9.982921481132507324e-01
9.982850551605224609e-01
9.982775449752807617e-01
9.982703328132629395e-01
9.982621073722839355e-01
9.982560873031616211e-01
9.982503056526184082e-01
9.982410073280334473e-01
9.982347488403320312e-01
9.982269406318664551e-01
9.982200860977172852e-01
9.982104301452636719e-01
9.982029199600219727e-01
9.981925487518310547e-01
9.981834888458251953e-01
9.981735944747924805e-01
9.981643557548522949e-01
9.981518387794494629e-01
9.981396794319152832e-01
9.981276392936706543e-01
9.981120228767395020e-01
9.980978965759277344e-01
9.980803132057189941e-01
9.980642795562744141e-01
9.980465769767761230e-01
9.980270266532897949e-01
9.980055093765258789e-01
9.979822039604187012e-01
9.979591369628906250e-01
9.979335069656372070e-01
9.979069232940673828e-01
9.978781342506408691e-01
9.978470802307128906e-01
9.978120326995849609e-01
9.977787733078002930e-01
9.977401494979858398e-01
9.977008700370788574e-01
9.976584911346435547e-01
9.976134896278381348e-01
9.975564479827880859e-01
9.975060820579528809e-01
9.974523782730102539e-01
9.973946213722229004e-01
9.973341226577758789e-01
9.972704648971557617e-01
9.972012042999267578e-01
9.971272945404052734e-01
9.970489740371704102e-01
9.969685077667236328e-01
9.968786835670471191e-01
9.967863559722900391e-01
9.966886043548583984e-01
9.965835809707641602e-01
9.964917898178100586e-01
9.959017038345336914e-01
9.957800507545471191e-01
9.956508874893188477e-01
9.955128431320190430e-01
9.953672289848327637e-01
9.952126145362854004e-01
9.949133992195129395e-01
9.947569370269775391e-01
9.945880174636840820e-01
9.944123625755310059e-01
9.942233562469482422e-01
9.940237402915954590e-01
9.938109517097473145e-01
9.935869574546813965e-01
9.933513402938842773e-01
9.930984377861022949e-01
9.928320050239562988e-01
9.925488829612731934e-01
9.922516345977783203e-01
9.919455051422119141e-01
9.916200637817382812e-01
9.912778139114379883e-01
9.909207224845886230e-01
9.905492663383483887e-01
9.901618957519531250e-01
9.897671341896057129e-01
9.893640279769897461e-01
9.889587163925170898e-01
9.885551333427429199e-01
9.881595373153686523e-01
9.877756834030151367e-01
9.874126911163330078e-01
9.870701432228088379e-01
9.867539405822753906e-01
9.864673614501953125e-01
9.862099885940551758e-01
9.859827756881713867e-01
9.857875704765319824e-01
9.856212139129638672e-01
9.854823946952819824e-01
9.853698015213012695e-01
9.852808713912963867e-01
9.852159619331359863e-01
9.851700067520141602e-01
9.851409196853637695e-01
9.851297140121459961e-01
9.851328134536743164e-01
9.851489067077636719e-01
9.851766824722290039e-01
9.852143526077270508e-01
9.852613806724548340e-01
9.853149652481079102e-01
9.853749275207519531e-01
9.854413866996765137e-01
9.855121374130249023e-01
9.855856895446777344e-01
9.856736660003662109e-01
9.857525825500488281e-01
9.858345985412597656e-01
9.859160184860229492e-01
9.859994053840637207e-01
9.860824942588806152e-01
9.861640930175781250e-01
9.862455129623413086e-01
9.863251447677612305e-01
9.864038228988647461e-01
9.864790439605712891e-01
9.865528345108032227e-01
9.866228699684143066e-01
9.866900444030761719e-01
9.867548346519470215e-01
9.868144392967224121e-01
9.868701696395874023e-01
9.869225025177001953e-01
9.869687557220458984e-01
9.870088100433349609e-01
9.870458841323852539e-01
9.870747327804565430e-01
9.870990514755249023e-01
9.871165752410888672e-01
9.871265888214111328e-01
9.871320724487304688e-01
9.871273636817932129e-01
9.871164560317993164e-01
9.870980978012084961e-01
9.870733022689819336e-01
9.870390295982360840e-01
9.869968891143798828e-01
9.869480133056640625e-01
9.868906140327453613e-01
9.868269562721252441e-01
9.860681295394897461e-01
9.886029958724975586e-01
9.885298609733581543e-01
9.884529113769531250e-01
9.883707761764526367e-01
9.882829189300537109e-01
9.881929755210876465e-01
9.881005287170410156e-01
9.880071878433227539e-01
9.879133701324462891e-01
9.878201484680175781e-01
9.877809286117553711e-01
9.877269864082336426e-01
9.876755475997924805e-01
9.876279830932617188e-01
9.875841140747070312e-01
9.875486493110656738e-01
9.875205159187316895e-01
9.874986410140991211e-01
9.874880313873291016e-01
9.874866604804992676e-01
9.876700639724731445e-01
9.876927733421325684e-01
9.877272248268127441e-01
9.877737760543823242e-01
9.878300428390502930e-01
9.879013299942016602e-01
9.879833459854125977e-01
9.880787134170532227e-01
9.881841540336608887e-01
9.882991313934326172e-01
9.884272813796997070e-01
9.885659217834472656e-01
9.887146353721618652e-01
9.888700246810913086e-01
9.890378713607788086e-01
9.892144203186035156e-01
9.893958568572998047e-01
9.895883798599243164e-01
9.897866249084472656e-01
9.899917840957641602e-01
9.902024865150451660e-01
9.904196858406066895e-01
9.906426072120666504e-01
9.908707141876220703e-01
9.911013841629028320e-01
9.913370609283447266e-01
9.915766119956970215e-01
9.918188452720642090e-01
9.920652508735656738e-01
9.923127293586730957e-01
9.925622940063476562e-01
9.928117990493774414e-01
9.930656552314758301e-01
9.933179616928100586e-01
9.935692548751831055e-01
9.938237071037292480e-01
9.940774440765380859e-01
9.943283796310424805e-01
9.945796132087707520e-01
9.948287606239318848e-01
9.950762391090393066e-01
9.953219890594482422e-01
9.955660700798034668e-01
9.958059787750244141e-01
9.960429668426513672e-01
9.962778091430664062e-01
9.965080022811889648e-01
9.967343807220458984e-01
9.969561696052551270e-01
9.971756339073181152e-01
9.973889589309692383e-01
9.975982904434204102e-01
9.978024959564208984e-01
9.980015754699707031e-01
9.971743822097778320e-01
9.973964095115661621e-01
9.976119399070739746e-01
9.978226423263549805e-01
9.980257749557495117e-01
9.982234835624694824e-01
9.984152913093566895e-01
9.986020922660827637e-01
9.987804293632507324e-01
9.989542961120605469e-01
9.991217851638793945e-01
9.992834329605102539e-01
9.994398355484008789e-01
9.995910525321960449e-01
9.997344017028808594e-01
9.998734593391418457e-01
1.000007748603820801e+00
1.000135660171508789e+00
1.000257372856140137e+00
1.000375390052795410e+00
1.000487923622131348e+00
1.000595688819885254e+00
1.000700235366821289e+00
1.000798940658569336e+00
1.000891327857971191e+00
1.000981569290161133e+00
1.001067757606506348e+00
1.001149773597717285e+00
1.001228094100952148e+00
1.001302123069763184e+00
1.001371741294860840e+00
1.001439809799194336e+00
1.001502752304077148e+00
1.001563310623168945e+00
1.001621127128601074e+00
1.001674175262451172e+00
1.001725316047668457e+00
1.001774907112121582e+00
1.001820325851440430e+00
1.001863956451416016e+00
1.001904964447021484e+00
1.001943469047546387e+00
1.001979947090148926e+00
1.002013921737670898e+00
1.002045869827270508e+00
1.002076387405395508e+00
1.002104520797729492e+00
1.002131700515747070e+00
1.002156734466552734e+00
1.002180695533752441e+00
1.002202272415161133e+00
1.002222776412963867e+00
1.002241611480712891e+00
1.002259612083435059e+00
1.002276778221130371e+00
1.002291798591613770e+00
1.002306699752807617e+00
1.001991629600524902e+00
1.002014160156250000e+00
1.002035498619079590e+00
1.002056002616882324e+00
1.002075433731079102e+00
1.002094626426696777e+00
1.002112150192260742e+00
1.002128601074218750e+00
1.002144694328308105e+00
1.002161264419555664e+00
1.002176761627197266e+00
1.002191305160522461e+00
1.002204895019531250e+00
1.002218604087829590e+00
1.002232313156127930e+00
1.002244234085083008e+00
1.002256989479064941e+00
1.002268910408020020e+00
1.002280712127685547e+00
1.002292394638061523e+00
1.002304077148437500e+00
1.002314686775207520e+00
1.002325534820556641e+00
1.002336263656616211e+00
1.002347707748413086e+00
1.002358317375183105e+00
1.002368807792663574e+00
1.002379179000854492e+00
1.002389669418334961e+00
1.002400994300842285e+00
1.002411723136901855e+00
1.002422332763671875e+00
1.002433180809020996e+00
1.002444148063659668e+00
1.002455711364746094e+00
1.002466917037963867e+00
1.002478718757629395e+00
1.002491116523742676e+00
1.002502322196960449e+00
1.002514958381652832e+00
1.002526521682739258e+00
1.002539038658142090e+00
1.002551555633544922e+00
1.002563238143920898e+00
1.002575993537902832e+00
1.002588391304016113e+00
1.002600669860839844e+00
1.002613306045532227e+00
1.002626061439514160e+00
1.002638459205627441e+00
1.002650856971740723e+00
1.002662658691406250e+00
1.002674341201782227e+00
1.002686262130737305e+00
1.002698421478271484e+00
1.002709627151489258e+00
1.002720832824707031e+00
1.002732038497924805e+00
1.002742886543273926e+00
1.002752780914306641e+00
1.002763032913208008e+00
1.002772569656372070e+00
1.002780795097351074e+00
1.002789497375488281e+00
1.002797603607177734e+00
1.002804636955261230e+00
1.002811908721923828e+00
1.002817869186401367e+00
1.002823591232299805e+00
1.002828359603881836e+00
1.002832293510437012e+00
1.002835273742675781e+00
1.002838015556335449e+00
1.002839565277099609e+00
1.002840399742126465e+00
1.002840518951416016e+00
1.002839207649230957e+00
1.002837300300598145e+00
1.002834320068359375e+00
1.002829909324645996e+00
1.002824425697326660e+00
1.002818346023559570e+00
1.002811551094055176e+00
1.002803087234497070e+00
1.002793550491333008e+00
1.002782225608825684e+00
1.002770423889160156e+00
1.002756595611572266e+00
1.002742171287536621e+00
1.002726435661315918e+00
1.002709865570068359e+00
1.002691507339477539e+00
1.002671718597412109e+00
1.002650499343872070e+00
1.002627611160278320e+00
1.002604126930236816e+00
1.002579450607299805e+00
1.002552390098571777e+00
1.002525091171264648e+00
1.002496123313903809e+00
1.002466201782226562e+00
1.002434253692626953e+00
1.002402067184448242e+00
1.002368092536926270e+00
1.002333283424377441e+00
1.002297520637512207e+00
1.002260684967041016e+00
1.002223491668701172e+00
1.002184867858886719e+00
1.002145648002624512e+00
1.002105832099914551e+00
1.002066254615783691e+00
1.002057671546936035e+00
1.002015590667724609e+00
1.001973628997802734e+00
1.001930952072143555e+00
1.001889228820800781e+00
1.001846551895141602e+00
1.001805663108825684e+00
1.001764655113220215e+00
1.001723885536193848e+00
1.001684308052062988e+00
1.001645565032958984e+00
1.001607775688171387e+00
1.001571774482727051e+00
1.001536011695861816e+00
1.001502752304077148e+00
1.001491069793701172e+00
1.001444339752197266e+00
1.001401543617248535e+00
1.001361727714538574e+00
1.001325845718383789e+00
1.001293420791625977e+00
1.001265406608581543e+00
1.001239418983459473e+00
1.001218676567077637e+00
1.001200795173645020e+00
1.001187682151794434e+00
1.001175999641418457e+00
1.001170396804809570e+00
1.001167654991149902e+00
1.001169085502624512e+00
1.001173377037048340e+00
1.001181840896606445e+00
1.001193761825561523e+00
1.001208662986755371e+00
1.001228690147399902e+00
1.001249670982360840e+00
1.001276016235351562e+00
1.001304388046264648e+00
1.001335740089416504e+00
1.001370668411254883e+00
1.001407027244567871e+00
1.001446604728698730e+00
1.001488447189331055e+00
1.001533150672912598e+00
1.001579523086547852e+00
1.001626133918762207e+00
1.001676321029663086e+00
1.001727223396301270e+00
1.001779198646545410e+00
1.001832485198974609e+00
1.001885533332824707e+00
1.001940727233886719e+00
1.001995444297790527e+00
1.002049922943115234e+00
1.002104520797729492e+00
1.002158761024475098e+00
1.002212047576904297e+00
1.002264857292175293e+00
1.002317547798156738e+00
1.002368092536926270e+00
1.002418756484985352e+00
1.002467274665832520e+00
1.002514243125915527e+00
1.002559900283813477e+00
1.002604007720947266e+00
1.002647638320922852e+00
1.002688884735107422e+00
1.002729415893554688e+00
1.002766370773315430e+00
1.002803325653076172e+00
1.002837300300598145e+00
1.002869844436645508e+00
1.002901554107666016e+00
1.002930164337158203e+00
1.002958059310913086e+00
1.002983689308166504e+00
1.003008365631103516e+00
1.003030776977539062e+00
1.003051519393920898e+00
1.003071665763854980e+00
1.003088831901550293e+00
1.003104567527770996e+00
1.003120064735412598e+00
1.003132462501525879e+00
1.003144145011901855e+00
1.003153800964355469e+00
1.003162622451782227e+00
1.003168940544128418e+00
1.003175258636474609e+00
1.003178715705871582e+00
1.003180861473083496e+00
1.003181934356689453e+00
1.003182172775268555e+00
1.003179788589477539e+00
1.003176331520080566e+00
1.003171205520629883e+00
1.003164529800415039e+00
1.003156542778015137e+00
1.003147244453430176e+00
1.003136515617370605e+00
1.003124713897705078e+00
1.003110885620117188e+00
1.003096103668212891e+00
1.003079175949096680e+00
1.003061056137084961e+00
1.003042936325073242e+00
1.003021717071533203e+00
1.002999424934387207e+00
1.002976536750793457e+00
1.002952456474304199e+00
1.002925992012023926e+00
1.002899050712585449e+00
1.002870917320251465e+00
1.002842068672180176e+00
1.002811431884765625e+00
1.002780079841613770e+00
1.002748608589172363e+00
1.002715468406677246e+00
1.002682209014892578e+00
1.002647280693054199e+00
1.002612590789794922e+00
1.002576231956481934e+00
1.002540111541748047e+00
1.002503752708435059e+00
1.002467155456542969e+00
1.002429962158203125e+00
1.002392649650573730e+00
1.002355933189392090e+00
1.002318739891052246e+00
1.002281665802001953e+00
1.002245187759399414e+00
1.002208828926086426e+00
1.002173781394958496e+00
1.002138018608093262e+00
1.002104043960571289e+00
1.002070188522338867e+00
1.002037644386291504e+00
1.002005934715270996e+00
1.001974105834960938e+00
1.001944541931152344e+00
1.001916646957397461e+00
1.001889109611511230e+00
1.001863360404968262e+00
1.001838684082031250e+00
1.001815557479858398e+00
1.001794457435607910e+00
1.001774072647094727e+00
1.001755475997924805e+00
1.001738429069519043e+00
1.001724362373352051e+00
1.001710057258605957e+00
1.001697778701782227e+00
1.001688361167907715e+00
1.001679062843322754e+00
1.001672863960266113e+00
1.001667857170104980e+00
1.001664757728576660e+00
1.001663327217102051e+00
1.001663923263549805e+00
1.001665353775024414e+00
1.001668930053710938e+00
1.001674056053161621e+00
1.001680254936218262e+00
1.001689076423645020e+00
1.001698851585388184e+00
1.001710176467895508e+00
1.001723289489746094e+00
1.001736879348754883e+00
1.001752614974975586e+00
1.001769900321960449e+00
1.001788258552551270e+00
1.001807689666748047e+00
1.001828193664550781e+00
1.001850485801696777e+00
1.001873612403869629e+00
1.001912593841552734e+00
1.001939058303833008e+00
1.001965403556823730e+00
1.001992583274841309e+00
1.002021074295043945e+00
1.002050518989562988e+00
1.002080798149108887e+00
1.002111554145812988e+00
1.002144098281860352e+00
1.002176046371459961e+00
1.002209305763244629e+00
1.002243518829345703e+00
1.002277851104736328e+00
1.002313971519470215e+00
1.002350091934204102e+00
1.001424193382263184e+00
1.001467704772949219e+00
1.001494288444519043e+00
1.001538872718811035e+00
1.001582980155944824e+00
1.001627564430236816e+00
1.001498579978942871e+00
1.001548886299133301e+00
1.001598715782165527e+00
1.001647233963012695e+00
1.001696109771728516e+00
1.001744508743286133e+00
1.001289725303649902e+00
1.001347422599792480e+00
1.001404762268066406e+00
1.001461148262023926e+00
1.001516819000244141e+00
1.001572012901306152e+00
1.001625061035156250e+00
1.001677870750427246e+00
1.001730322837829590e+00
1.001781105995178223e+00
1.001831173896789551e+00
1.001880884170532227e+00
1.001929163932800293e+00
1.001976132392883301e+00
1.001661658287048340e+00
1.001714468002319336e+00
1.001765489578247070e+00
1.001815319061279297e+00
1.001864671707153320e+00
1.001912117004394531e+00
1.001959443092346191e+00
1.002004742622375488e+00
1.002048373222351074e+00
1.002092123031616211e+00
1.002133488655090332e+00
1.002174615859985352e+00
1.002213478088378906e+00
1.002251505851745605e+00
1.002288103103637695e+00
1.002324461936950684e+00
1.002358436584472656e+00
1.002391338348388672e+00
1.002423644065856934e+00
1.002454876899719238e+00
1.002483844757080078e+00
1.002512454986572266e+00
1.002539873123168945e+00
1.002566099166870117e+00
1.002591371536254883e+00
1.002615809440612793e+00
1.002638339996337891e+00
1.002009034156799316e+00
1.002037405967712402e+00
1.002061724662780762e+00
1.002088189125061035e+00
1.002114295959472656e+00
1.002139210700988770e+00
1.001773476600646973e+00
1.001802682876586914e+00
1.001830339431762695e+00
1.001857638359069824e+00
1.001884460449218750e+00
1.001912236213684082e+00
1.001940011978149414e+00
1.001967430114746094e+00
1.001994609832763672e+00
1.002023696899414062e+00
1.002051234245300293e+00
1.002079844474792480e+00
1.002108931541442871e+00
1.002138376235961914e+00
1.002167940139770508e+00
1.002197623252868652e+00
1.002228856086730957e+00
1.002258419990539551e+00
1.002288818359375000e+00
1.002319574356079102e+00
1.002348899841308594e+00
1.002379298210144043e+00
1.002408266067504883e+00
1.002438783645629883e+00
1.002466440200805664e+00
1.002493619918823242e+00
1.002521276473999023e+00
1.002547264099121094e+00
1.002572178840637207e+00
1.002595424652099609e+00
1.002617120742797852e+00
1.002637624740600586e+00
1.002657175064086914e+00
1.002674102783203125e+00
1.002688407897949219e+00
1.002680778503417969e+00
1.002695918083190918e+00
1.002708196640014648e+00
1.002719640731811523e+00
1.002727389335632324e+00
1.002734184265136719e+00
1.002737164497375488e+00
1.001379251480102539e+00
1.001399397850036621e+00
1.001416563987731934e+00
1.001607179641723633e+00
1.001599550247192383e+00
1.001582622528076172e+00
1.001569986343383789e+00
1.001556396484375000e+00
1.001540422439575195e+00
1.001523852348327637e+00
1.001504898071289062e+00
1.001485466957092285e+00
1.001464605331420898e+00
1.001443028450012207e+00
1.001419186592102051e+00
1.001394629478454590e+00
1.001370072364807129e+00
1.001343131065368652e+00
1.001316666603088379e+00
1.001289010047912598e+00
1.001277923583984375e+00
1.001272439956665039e+00
1.001251935958862305e+00
1.001232385635375977e+00
1.001211166381835938e+00
1.001189708709716797e+00
1.001166224479675293e+00
1.001144409179687500e+00
1.001121044158935547e+00
1.001098155975341797e+00
1.001074075698852539e+00
1.001050591468811035e+00
1.001026511192321777e+00
1.001002669334411621e+00
1.000978946685791016e+00
1.000956177711486816e+00
1.000932693481445312e+00
1.002980113029479980e+00
1.002919673919677734e+00
1.002856254577636719e+00
1.002794623374938965e+00
1.002734065055847168e+00
1.002672910690307617e+00
1.002612590789794922e+00
1.002553582191467285e+00
1.002492904663085938e+00
1.002434253692626953e+00
1.002375364303588867e+00
1.002318263053894043e+00
1.002261161804199219e+00
1.002204656600952148e+00
1.002149701118469238e+00
1.002094626426696777e+00
1.004990935325622559e+00
1.004896998405456543e+00
1.004805088043212891e+00
1.004719138145446777e+00
1.004630565643310547e+00
1.004544734954833984e+00
1.004459619522094727e+00
1.004376411437988281e+00
1.004297018051147461e+00
1.004217028617858887e+00
1.004140496253967285e+00
1.004065632820129395e+00
1.003994226455688477e+00
1.009086489677429199e+00
1.008935093879699707e+00
1.008785367012023926e+00
1.008638262748718262e+00
1.008494615554809570e+00
1.008351683616638184e+00
1.008211135864257812e+00
1.008072614669799805e+00
1.007936716079711914e+00
1.007803201675415039e+00
1.007670640945434570e+00
1.007542967796325684e+00
1.007415652275085449e+00
1.007289886474609375e+00
1.007168650627136230e+00
1.007048845291137695e+00
1.010632514953613281e+00
1.010438084602355957e+00
1.010244965553283691e+00
1.010055899620056152e+00
1.009868621826171875e+00
1.009683251380920410e+00
1.009501576423645020e+00
1.009322762489318848e+00
1.009146213531494141e+00
1.008972764015197754e+00
1.008802533149719238e+00
1.008636355400085449e+00
1.011348128318786621e+00
1.011250972747802734e+00
1.011151432991027832e+00
1.011050105094909668e+00
1.010942459106445312e+00
1.012596011161804199e+00
1.012486100196838379e+00
1.012370228767395020e+00
1.012676596641540527e+00
1.012621641159057617e+00
1.012559652328491211e+00
1.012481689453125000e+00
1.012394189834594727e+00
1.012295126914978027e+00
1.012184500694274902e+00
1.012062311172485352e+00
1.011929154396057129e+00
1.011784791946411133e+00
1.011630773544311523e+00
1.011465549468994141e+00
