2.672292545713617073e-02 0.000000000000000000e+00
5.063291139242664940e-02 0.000000000000000000e+00
7.735583684950597672e-02 1.406469760922846035e-03
1.054852320675081501e-01 1.406469760922846035e-03
1.476793248945114101e-01 4.219409282711694686e-03
2.039381153305157568e-01 7.032348804500543338e-03
2.517580872011535575e-01 2.109704641350163001e-02
2.742616033755211902e-01 3.375527426157987065e-02
2.967651195499456662e-01 4.641350210971495471e-02
3.248945147679478396e-01 6.188466947958204400e-02
3.614627285513734023e-01 8.298171589308367402e-02
3.797468354430861837e-01 1.040787623065853040e-01
3.980309423347421216e-01 1.322081575245874774e-01
4.120956399437432083e-01 1.687763713080130401e-01
4.360056258790905304e-01 2.236286919830945408e-01
4.556962025316693143e-01 2.742616033755211902e-01
4.697609001406704010e-01 3.108298171589467529e-01
4.781997187060937904e-01 3.445850914205266236e-01
4.796061884669597930e-01 4.120956399437432083e-01
4.796061884669597930e-01 4.796061884669597930e-01
4.824191279887486417e-01 5.330520393811752911e-01
4.852320675105943337e-01 5.696202531645440104e-01
4.810126582278826390e-01 6.005625879043350324e-01
4.711673699015932471e-01 6.427566807313382924e-01
4.500703234880916170e-01 6.919831223628420958e-01
4.135021097046660543e-01 7.693389592124049159e-01
3.656821378340850970e-01 8.326300984529098059e-01
3.234880450070818370e-01 8.720112517580673739e-01
2.728551336146551876e-01 9.057665260197040880e-01
2.264416315049402328e-01 9.310829817159174127e-01
1.898734177215146701e-01 9.493670886075733506e-01
1.504922644163571022e-01 9.578059071729967400e-01
1.054852320675081501e-01 9.634317862165744373e-01
5.907172995785003877e-02 9.648382559774972833e-01
4.219409282711694686e-03 9.662447257384201293e-01
-3.516174402250271669e-02 9.662447257384201293e-01
-8.157524613216082798e-02 9.606188466947855886e-01
-1.378340365681651747e-01 9.507735583684961966e-01
-1.744022503515907374e-01 9.395218002812839586e-01
-2.194092827003828461e-01 9.184247538677823286e-01
-2.686357243318866495e-01 8.902953586497801552e-01
-2.981715893108116688e-01 8.691983122362785252e-01
-3.305203938115255369e-01 8.368495077355646572e-01
-3.614627285513165589e-01 7.946554149085613972e-01
-3.881856540083958862e-01 7.524613220815581371e-01
-4.064697609001086676e-01 6.990154711673426391e-01
-4.078762306610315136e-01 6.511954992967616818e-01
-4.106891701828203622e-01 5.836849507735450970e-01
-4.135021097046092109e-01 4.964838255977497283e-01
-4.135021097046092109e-01 4.275668073136671410e-01
-4.106891701828203622e-01 3.881856540084527296e-01
-4.008438818565309703e-01 3.445850914205266236e-01
-3.881856540083958862e-01 2.939521800281568176e-01
-3.670886075948942562e-01 2.433192686357301682e-01
-3.473980309423154722e-01 1.898734177215146701e-01
-3.136427566807356015e-01 1.406469760900108668e-01
-2.911392405063111255e-01 1.097046413502198448e-01
-2.686357243318866495e-01 8.720112517579536870e-02
-2.461322081575190168e-01 6.751054852321658473e-02
-2.081575246132274515e-01 4.219409282700326003e-02
-1.659634317861673480e-01 2.390998593529047866e-02
-9.563994374116191466e-02 1.828410689171278136e-02
-3.516174402250271669e-02 1.547116736992393271e-02
1.406469760900108668e-02 1.547116736992393271e-02
4.641350210971495471e-02 1.687763713078993533e-02
7.876230661042882275e-02 1.828410689171278136e-02
1.308016877637214748e-01 2.250351617442447605e-02
1.912798874824375162e-01 3.234880450071386804e-02
2.320675105485179301e-01 4.500703234879210868e-02
2.756680731364440362e-01 6.751054852321658473e-02
3.178621659634472962e-01 9.704641350208476069e-02
3.431786216596606209e-01 1.195499296765092367e-01
3.628691983122394049e-01 1.462728551335885641e-01
3.825597749648750323e-01 1.758087201125135834e-01
4.022503516174538163e-01 2.053445850914386028e-01
4.191279887482437516e-01 2.376933895920956274e-01
4.374120956399565330e-01 2.728551336146551876e-01
4.613220815752470116e-01 3.192686357243132989e-01
4.810126582278826390e-01 3.699015471167399483e-01
4.852320675105943337e-01 4.106891701828203622e-01
4.866385372714603363e-01 4.571026722925353170e-01
4.852320675105943337e-01 5.288326300984635964e-01
4.852320675105943337e-01 5.935302390998344890e-01
4.810126582278826390e-01 6.455696202531839845e-01
4.711673699015932471e-01 6.947960618846877878e-01
4.571026722925921604e-01 7.440225035161915912e-01
4.360056258790905304e-01 7.918424753867725485e-01
4.149085794655889003e-01 8.255977496484092626e-01
3.924050632911644243e-01 8.551336146272774386e-01
3.516174402250840103e-01 8.846694796062024579e-01
3.136427566807356015e-01 9.043600562587812419e-01
2.841068917018674256e-01 9.170182841069163260e-01
2.376933895921524709e-01 9.395218002812839586e-01
2.137834036568619922e-01 9.479606188467073480e-01
1.842475386779369728e-01 9.563994374120738939e-01
1.589310829817236481e-01 9.648382559774972833e-01
1.195499296765092367e-01 9.774964838255755240e-01
5.766526019692719274e-02 9.957805907172883053e-01
1.547116736992393271e-02 1.000000000000000000e+00
-3.938115330515756796e-02 1.000000000000000000e+00
-9.142053445850706339e-02 9.971870604782111513e-01
-1.448663853726657180e-01 9.873417721519217594e-01
-1.856540084388029754e-01 9.732770745429206727e-01
-2.306610407875950841e-01 9.507735583684961966e-01
-2.686357243318866495e-01 9.254571026722828719e-01
-3.023909985935233635e-01 9.043600562587812419e-01
-3.361462728551032342e-01 8.818565400844136093e-01
-3.614627285513165589e-01 8.537271448664114359e-01
-3.797468354430293402e-01 8.101265822784853299e-01
-3.881856540083958862e-01 7.735583684950597672e-01
-3.909985935302415783e-01 7.440225035161915912e-01
-3.966244725738192756e-01 7.018284106891883312e-01
-4.078762306610315136e-01 6.694796061884744631e-01
-4.219409282700326003e-01 6.286919831223372057e-01
-4.331926863572448383e-01 5.935302390998344890e-01
-4.388185654008225356e-01 5.696202531645440104e-01
-4.388185654008225356e-01 5.358649789029641397e-01
-4.388185654008225356e-01 5.007032348804614230e-01
-4.388185654008225356e-01 4.571026722925353170e-01
-4.388185654008225356e-01 4.205344585091665977e-01
-4.388185654008225356e-01 3.938115330520304269e-01
-4.388185654008225356e-01 3.544303797468160155e-01
-4.331926863572448383e-01 3.220815752461589909e-01
-4.247538677918214489e-01 2.784810126582328849e-01
-4.191279887482437516e-01 2.405063291139413195e-01
-4.120956399437432083e-01 2.109704641350163001e-01
-3.924050632911075809e-01 1.870604781997258215e-01
-3.727144866385287969e-01 1.687763713080130401e-01
-3.544303797468160155e-01 1.504922644163002587e-01
-3.347398030942372316e-01 1.308016877637214748e-01
-3.108298171588899095e-01 1.054852320675081501e-01
-2.953586497890228202e-01 8.720112517579536870e-02
-2.728551336145983441e-01 7.313642756679428203e-02
-2.531645569620195602e-01 6.891701828408258734e-02
-2.264416315048833894e-01 5.907172995779319535e-02
-2.053445850913817594e-01 4.922644163150380336e-02
-1.828410689170141268e-01 3.656821378342556272e-02
-1.533052039380891074e-01 2.531645569621332470e-02
-1.237693389591640880e-01 2.390998593529047866e-02
-1.012658227847964554e-01 2.250351617442447605e-02
-6.329113924050489004e-02 1.828410689171278136e-02
-2.953586497886817597e-02 1.828410689171278136e-02
4.219409282711694686e-03 1.828410689171278136e-02
4.078762306613725741e-02 1.828410689171278136e-02
8.438818565400652005e-02 1.828410689171278136e-02
1.195499296765092367e-01 1.828410689171278136e-02
1.490857946554342561e-01 1.969057665257878398e-02
1.828410689170141268e-01 2.109704641350163001e-02
2.503516174402307115e-01 2.250351617442447605e-02
3.347398030942372316e-01 3.656821378342556272e-02
3.656821378340850970e-01 6.751054852321658473e-02
3.881856540084527296e-01 9.423347398029591204e-02
3.952180028129532730e-01 1.181434599155863907e-01
4.036568213783766623e-01 1.504922644163002587e-01
4.149085794655889003e-01 1.828410689170141268e-01
4.360056258790905304e-01 2.250351617440173868e-01
4.613220815752470116e-01 2.756680731364440362e-01
4.781997187060937904e-01 3.136427566807356015e-01
4.838255977496714877e-01 3.333333333333143855e-01
4.852320675105943337e-01 3.699015471167399483e-01
4.880450070323831824e-01 4.177215189873209056e-01
4.922644163150948771e-01 4.542897327707464683e-01
4.950773558368837257e-01 5.021097046413274256e-01
4.964838255977497283e-01 5.457102672292535317e-01
4.936708860759608797e-01 5.907172995780456404e-01
4.866385372714603363e-01 6.371308016877605951e-01
4.796061884669597930e-01 6.821378340365527038e-01
4.697609001406704010e-01 7.187060478199782665e-01
4.542897327707464683e-01 7.426160337552687452e-01
4.303797468354559896e-01 7.777777777777714618e-01
4.092827004219543596e-01 8.073136427566964812e-01
3.881856540084527296e-01 8.326300984529098059e-01
3.684950773558739456e-01 8.551336146272774386e-01
3.361462728551600776e-01 8.790436005625679172e-01
2.911392405063679689e-01 9.043600562587812419e-01
2.334739803094407762e-01 9.296765119549945666e-01
1.856540084388598189e-01 9.535864978902850453e-01
1.082981715893538421e-01 9.817158931082872186e-01
6.610407876235058211e-02 9.845288326300760673e-01
-4.219409282654851268e-03 9.831223628692100647e-01
-7.876230661037197933e-02 9.746835443037866753e-01
-1.561181434598779560e-01 9.592123769339195860e-01
-2.180028129395168435e-01 9.381153305204179560e-01
-2.869198312235994308e-01 8.888888888889141526e-01
-3.488045007032383182e-01 8.312236286919869599e-01
-3.924050632911075809e-01 7.735583684950597672e-01
-4.064697609001086676e-01 7.369901547116910479e-01
-4.120956399437432083e-01 6.976090014064766365e-01
-4.177215189873209056e-01 6.258790436005483571e-01
-4.233473980308986029e-01 5.555555555555429237e-01
-4.233473980308986029e-01 5.049226441631731177e-01
-4.219409282700326003e-01 4.444444444444570763e-01
-4.205344585091097542e-01 3.909985935302415783e-01
-4.149085794655320569e-01 3.417721518987377749e-01
-4.092827004218975162e-01 2.995780590717345149e-01
-3.924050632911075809e-01 2.334739803094407762e-01
-3.769338959212404916e-01 1.898734177215146701e-01
-3.502109704641043209e-01 1.547116736990119534e-01
-3.319268635723915395e-01 1.293952180027986287e-01
-3.066104078762350582e-01 1.026722925457193014e-01
-2.784810126582328849e-01 7.876230661042882275e-02
-2.587904360055972575e-01 6.329113924050489004e-02
