4.243047385723231457e+01
1.276172707326035152e+02
1.327154032378973341e+02
6.492501301233662048e+01
-3.352811142012473056e+01
-1.049183205015328042e+02
-1.142624210242260716e+02
-6.361170693815885357e+01
1.436423750636289220e+01
7.670557923054860794e+01
9.372775516687242714e+01
6.292656530340385501e+01
3.376297915053600107e+00
-5.236849068350894498e+01
-7.686764504972974521e+01
-6.233165922251033919e+01
-1.585564914617648924e+01
3.809896945508634047e+01
7.300093025391069546e+01
6.940019609303800507e+01
2.751224722899246444e+01
-3.269488135499779702e+01
-7.775316654947326356e+01
-7.979842108812678703e+01
-3.246273482771515972e+01
4.064365150619116918e+01
9.713006911370578678e+01
9.939772609101706280e+01
3.774343001858262880e+01
-5.624767623277949014e+01
-1.251480081262181585e+02
-1.221620306624012500e+02
-4.104420261010687909e+01
7.441640174301474531e+01
1.543962023225147391e+02
1.476449842879222274e+02
4.971476749956998020e+01
-8.310822450227107083e+01
-1.731259786242254677e+02
-1.637701841904479068e+02
-5.895503586892760950e+01
8.287795029166649385e+01
1.774330437448631699e+02
1.705728953620193806e+02
6.686103194932272231e+01
-7.044280765525510901e+01
-1.640140761926301707e+02
-1.650327622409670596e+02
-7.731127771505201451e+01
4.275493729026346301e+01
