1.202579970415330536e+03
9.908816339278032501e+02
1.954834437920632411e+02
-7.820219428443716652e+02
-1.458515972690374383e+03
-1.476086134964546545e+03
-7.728925808595045055e+02
3.673516820588567384e+02
1.412987262668639460e+03
1.815697718222301091e+03
1.294285868950489657e+03
2.873688464778660645e+01
-1.372380067334069963e+03
-2.148857755406118940e+03
-1.806129359987292901e+03
-4.367492118475789198e+02
1.275109788345098195e+03
2.388875987031565273e+03
2.241580241372571436e+03
8.543544533429313788e+02
-1.036456255179474510e+03
-2.379943837360406633e+03
-2.415315660166002544e+03
-1.127527433742289077e+03
7.368850704066043136e+02
2.108187098741339923e+03
2.228852737807179437e+03
1.094990892729673760e+03
-5.647059588197419089e+02
-1.747125403179575869e+03
-1.788073961561195347e+03
-7.493861256480799966e+02
6.566092703639541242e+02
1.535721851577791313e+03
1.372589776684009394e+03
3.320415561303975096e+02
-8.839079678373544766e+02
-1.492974224147078303e+03
-1.130987013596499310e+03
-5.344902448361099800e+01
1.049337296475523317e+03
1.502406146035656093e+03
1.048139326036523244e+03
-2.036913532404939886e+01
-1.072093645446540449e+03
-1.522890024220273745e+03
-1.165685533260390457e+03
-2.467673392982908638e+02
7.117676328150903373e+02
1.202904433041800530e+03
