2.988117342841382396e+01
-2.854711319204515263e+01
-7.352324001633506612e+01
-7.660274970686342044e+01
-3.864981695696894803e+01
1.980828110683595256e+01
6.599683894555788299e+01
7.560563661039959982e+01
4.579731845905013898e+01
-5.922234719229512834e+00
-5.224564058928557841e+01
-6.957724991497684641e+01
-5.214404541748556454e+01
-9.191170408733135844e+00
3.833091608508173920e+01
6.517895654780636505e+01
6.015877572428899356e+01
2.476158325632644974e+01
-2.295477926957416415e+01
-5.949320872375247404e+01
-6.491193473589224539e+01
-3.541015137410654745e+01
1.523169997435628176e+01
5.977491765238720944e+01
7.311065596445732240e+01
4.562191393467445977e+01
-8.905859807079313128e+00
-6.004936326919880685e+01
-7.931322504260364781e+01
-5.404235401454118914e+01
3.833482671758316140e+00
6.136906480933128449e+01
8.506348410903476065e+01
5.991510571897342174e+01
-3.457902237441707327e-01
-5.872419821675366336e+01
-8.273058672345501918e+01
-5.634013999556405139e+01
2.975148506139302373e+00
5.961158679921440040e+01
7.803379382417830357e+01
4.942814825801711720e+01
-9.226852021908950263e+00
-6.070870738757268725e+01
-7.419787396761468301e+01
-4.023879372898689866e+01
1.818531214641799210e+01
6.344531606146247782e+01
6.909467861188758775e+01
3.020563672776387421e+01
