2.798558857113061293e+00
-4.098732983472305591e+01
-6.151222618367934558e+01
-4.370379100339577860e+01
-4.647223010515531549e-01
4.330516800771400199e+01
6.093044015170337246e+01
4.210331847152180984e+01
-1.104166302217878037e+00
-4.321729186938289757e+01
-6.037104452864912929e+01
-4.252545115741470738e+01
-1.207414421448926189e+00
4.161064913509813579e+01
6.330159763324103039e+01
4.974165125536684684e+01
9.487226563405721791e+00
-3.666920651822426436e+01
-6.233134199036888390e+01
-5.315744119310249260e+01
-1.342668920756981166e+01
3.363014514956288536e+01
6.087479370793462863e+01
5.192403830217321570e+01
1.289545988981138613e+01
-3.231752512306004377e+01
-5.601484930703513498e+01
-4.435725985093217361e+01
-7.133865984672861593e+00
3.234850841643255848e+01
5.215473686959482080e+01
4.234880891878249543e+01
1.077273633346309900e+01
-2.451861441489445426e+01
-4.566125587115481466e+01
-4.167490108849791142e+01
-1.822911112873314110e+01
1.468466923985967654e+01
4.024088739222538180e+01
4.675213631725553398e+01
2.884608612146068651e+01
-4.211758288667395433e+00
-3.784633659864871902e+01
-5.296489735310582603e+01
-3.994586731296229232e+01
-1.740720353517549945e+00
3.992580481502965739e+01
5.937182540777605055e+01
4.523970760383271283e+01
3.123022200175040730e+00
