-3.403411620417044503e+01
-1.719195821061706965e+03
-2.451720209824812173e+03
-1.744477967230058312e+03
1.852837594904488938e+01
1.791575422352467513e+03
2.505830996661758036e+03
1.736087415605004026e+03
-2.818958743454534144e+01
-1.701346672366751363e+03
-2.285050462885300021e+03
-1.486542791155972054e+03
1.305874382729645617e+02
1.537987400413772775e+03
1.903656519454885029e+03
1.089398807887110706e+03
-3.133720633572611405e+02
-1.407705592394543601e+03
-1.558132491410128978e+03
-7.562007058767043191e+02
4.361057588429698626e+02
1.280503789953196247e+03
1.312975257610657081e+03
5.866046865019043253e+02
-4.183437022499394971e+02
-1.120894494203787872e+03
-1.167782834577810263e+03
-5.960558839453028668e+02
2.468757477415680910e+02
9.212478488701989363e+02
1.116682786691428191e+03
7.706608275012155218e+02
6.297520829039322621e+01
-6.865308167905784558e+02
-1.136705072886097469e+03
-1.058835564262099524e+03
-4.400706518637586555e+02
4.767115747870225846e+02
1.255139127192453770e+03
1.455992268619039578e+03
8.794454200219804534e+02
-2.683056925810350322e+02
-1.405302121770876738e+03
-1.864800588594748433e+03
-1.287820886778251179e+03
1.042775960077209874e+02
1.561580863657298551e+03
2.207361466337846650e+03
1.581224227680447257e+03
-3.439358090700181947e+01
