7.549090286824903728e+01
1.281484447497967381e+02
1.004203457321029163e+02
8.375752997221757923e+00
-9.434564035567122176e+01
-1.460710711475504979e+02
-1.138542023317535836e+02
-1.560255645222156851e+01
9.403446192126475012e+01
1.504841025204015921e+02
1.207174071816431535e+02
2.067302868545255023e+01
-9.265474669411942443e+01
-1.540254781969054534e+02
-1.276680799380931575e+02
-2.870808560531807530e+01
8.801364120861184404e+01
1.549523474998619577e+02
1.357861336625951481e+02
4.104591793298632751e+01
-7.623742492878207599e+01
-1.492817594831450663e+02
-1.394474795876765256e+02
-5.429825269492252460e+01
5.862899369871955457e+01
1.359409398138868141e+02
1.385738614101622375e+02
6.676097461391385934e+01
-3.777457239577037029e+01
-1.179183634577318003e+02
-1.321928165078410586e+02
-7.567610872599969696e+01
2.119502934076943745e+01
1.030245596748284669e+02
1.271681486583661922e+02
8.147794340651741152e+01
-9.113720818470085305e+00
-9.422093132494602230e+01
-1.277949873294688246e+02
-8.953373276279045001e+01
1.105478852459362615e+00
9.171024632631905149e+01
1.330953605179497856e+02
9.918857010480890324e+01
6.371275431206368189e+00
-9.358482813675075818e+01
-1.441584227817452586e+02
-1.174216644108563230e+02
-2.621388898271690948e+01
7.513143306934031784e+01
