2.372694134336542788e+02
4.183925635602551552e+02
2.662291197376252967e+02
-9.517435094459825962e+01
-3.904539643780374263e+02
-3.996184160362499824e+02
-1.219746420784732521e+02
2.313215487540459492e+02
3.997481489081325208e+02
2.688702541234330283e+02
-4.902861002199624352e+01
-3.078135957816724044e+02
-3.213626648541788882e+02
-9.431313257777800629e+01
1.876847927336520740e+02
3.067820419906146299e+02
1.815344121051293769e+02
-7.880853702443607744e+01
-2.650457786302171712e+02
-2.322084584452399554e+02
-1.077102033275497739e+01
2.212833546468165196e+02
2.783116208660547954e+02
1.115548013427862770e+02
-1.534066534054791191e+02
-3.097068812976256140e+02
-2.298719191604141372e+02
3.452023956565803076e+01
2.885816543642877718e+02
3.372883384878392690e+02
1.322505667473049868e+02
-1.818475640750448576e+02
-3.745757649420850157e+02
-2.964903785036588033e+02
6.726252643615790561e+00
3.180136111839525483e+02
4.048465900612885093e+02
1.945791924627372396e+02
-1.694097410973603530e+02
-4.201183013162397515e+02
-3.665998634021428870e+02
-3.839140635906989019e+01
3.306529519409137379e+02
4.689140421260327685e+02
2.655966368098631847e+02
-1.373089269966550603e+02
-4.542447303036318544e+02
-4.573982010723775602e+02
-1.496645905141428443e+02
2.369436977462374045e+02
