-1.681890810873681801e+02
-2.251286648591366486e+02
-1.066488378319039327e+02
1.005898118606400402e+02
2.441521924233181551e+02
2.193117353982648865e+02
4.374807793007150991e+01
-1.551460137486004101e+02
-2.364662003127585592e+02
-1.485405201419968648e+02
3.775706851576463663e+01
1.855819512041581731e+02
1.901777446633861359e+02
5.903452156641244386e+01
-1.028456029620264616e+02
-1.756795463581104855e+02
-1.122138366449733553e+02
2.982007185872685895e+01
1.376613157057343528e+02
1.318894365165002966e+02
2.391576213577997834e+01
-9.658721685233041399e+01
-1.344359061147126226e+02
-6.260293329232832349e+01
5.809797697271294226e+01
1.311652227843575531e+02
9.860443182991153321e+01
-1.366304828470080501e+01
-1.154784100050304119e+02
-1.244211180650953708e+02
-3.239527682974790679e+01
9.107983227336565335e+01
1.464887713364477690e+02
8.507654361125095477e+01
-4.959982108005668522e+01
-1.544134003211571269e+02
-1.440861023860670969e+02
-1.663801361075007179e+01
1.356239418083903274e+02
1.977759069354870292e+02
1.139206770085070701e+02
-6.542289709557400101e+01
-2.127565718634339476e+02
-2.153845795244180863e+02
-6.215153635370054985e+01
1.492390811373824704e+02
2.702189914740015979e+02
2.160869636723077178e+02
2.488189856259490540e+01
-1.685148197794375733e+02
